v2 t yaw pitch roll pos_x pos_y w cx cy size score
0.02 +1.9 -4.2 -3.8 +0.000 +0.000 92 259 347 0.190 1.00
0.06 +1.4 -4.3 -3.7 +0.000 +0.000 92 259 347 0.190 1.00
0.09 +1.6 -3.9 -3.8 -0.000 -0.000 92 259 347 0.191 1.00
0.12 +1.5 -4.1 -3.7 +0.000 -0.000 92 259 347 0.191 1.00
0.16 +1.5 -4.1 -3.8 -0.000 -0.000 92 259 347 0.191 1.00
0.19 +1.8 -3.9 -3.7 +0.000 -0.001 91 259 347 0.191 1.00
0.22 +1.4 -5.2 -3.9 +0.000 -0.000 91 259 347 0.191 1.00
0.26 +1.7 -5.0 -4.0 +0.000 -0.000 91 259 347 0.191 1.00
0.29 +1.5 -4.5 -3.7 +0.000 -0.000 92 259 347 0.190 1.00
0.32 +1.2 -4.2 -3.9 +0.000 -0.001 91 259 348 0.190 1.00
0.36 +1.6 -4.0 -3.9 -0.000 -0.001 92 259 347 0.191 1.00
0.39 +1.5 -4.6 -3.8 +0.000 -0.001 91 259 347 0.191 1.00
0.42 +1.0 -4.3 -3.7 +0.000 -0.001 92 259 347 0.191 1.00
0.46 +1.5 -4.0 -3.7 +0.000 -0.001 92 259 347 0.191 1.00
0.49 +1.5 -4.8 -3.9 +0.000 -0.000 92 259 347 0.191 1.00
0.53 +1.4 -4.6 -3.9 +0.001 -0.000 92 259 347 0.191 1.00
0.57 +1.4 -4.0 -3.9 +0.000 -0.000 91 259 347 0.191 1.00
0.60 +1.0 -4.1 -3.8 -0.000 -0.000 92 259 347 0.191 1.00
0.62 +1.5 -4.1 -4.0 -0.000 -0.001 91 259 347 0.191 1.00
0.66 +0.9 -4.4 -3.7 -0.001 -0.001 92 259 347 0.191 1.00
0.69 +0.8 -4.9 -4.0 -0.001 -0.001 92 259 347 0.191 1.00
0.72 +0.9 -4.5 -3.7 -0.002 -0.002 92 259 347 0.191 1.00
0.76 +0.8 -4.0 -4.1 -0.003 -0.002 93 259 347 0.192 1.00
0.79 +0.3 -4.4 -3.9 -0.004 -0.003 93 258 347 0.192 1.00
0.83 +0.2 -4.8 -4.0 -0.007 -0.003 93 258 346 0.193 1.00
0.86 -0.4 -5.2 -4.3 -0.011 -0.005 94 256 345 0.193 1.00
0.89 -1.7 -5.3 -4.2 -0.025 -0.008 94 254 344 0.194 1.00
0.92 -5.5 -4.8 -4.4 -0.047 -0.011 95 253 344 0.195 1.00
0.96 -12.6 -9.2 -5.8 -0.091 -0.012 91 253 347 0.195 1.00
0.99 -18.3 -8.9 -6.3 -0.158 -0.011 92 250 347 0.193 1.00
1.02 -24.0 -8.3 -5.9 -0.228 -0.005 90 248 346 0.191 1.00
1.06 -30.1 -4.7 -4.5 -0.249 +0.005 88 246 345 0.190 1.00
1.09 -33.6 -5.3 -4.6 -0.270 +0.014 87 245 347 0.187 1.00
1.12 -36.2 -2.6 -3.1 -0.291 +0.022 86 244 345 0.185 1.00
1.16 -37.0 -2.2 -3.0 -0.294 +0.027 85 243 345 0.182 1.00
1.19 -36.7 -0.7 -2.6 -0.297 +0.030 86 242 346 0.181 1.00
1.22 -35.9 -1.1 -3.2 -0.299 +0.032 86 241 346 0.180 1.00
1.26 -37.1 -0.9 -4.7 -0.301 +0.035 87 242 349 0.180 1.00
1.29 -35.9 -0.4 -3.5 -0.303 +0.038 85 240 347 0.180 1.00
1.32 -36.9 +0.3 -5.0 -0.306 +0.040 85 240 349 0.179 1.00
1.36 -35.7 +1.4 -3.6 -0.307 +0.041 85 239 347 0.178 1.00
1.39 -37.0 +0.5 -4.7 -0.308 +0.042 85 240 350 0.178 1.00
1.42 -36.5 -0.2 -4.7 -0.308 +0.043 86 240 349 0.178 1.00
1.46 -35.5 -0.1 -4.9 -0.307 +0.043 85 240 350 0.178 1.00
1.49 -36.3 +0.2 -5.2 -0.306 +0.042 86 241 350 0.178 1.00
1.52 -36.0 +0.0 -5.0 -0.304 +0.040 86 241 349 0.179 1.00
1.56 -36.4 +0.2 -5.6 -0.302 +0.039 85 241 350 0.179 1.00
1.59 -36.0 -0.0 -5.4 -0.300 +0.037 86 242 349 0.179 1.00
1.62 -35.0 -0.7 -5.0 -0.297 +0.036 87 242 349 0.179 1.00
1.66 -33.4 +1.3 -2.9 -0.293 +0.036 88 239 349 0.180 1.00
1.69 -30.6 +2.5 -2.5 -0.290 +0.036 85 241 349 0.180 1.00
1.72 -31.7 -1.1 -4.2 -0.267 +0.032 86 244 347 0.180 1.00
1.76 -26.0 -2.9 -5.3 -0.222 +0.028 89 245 348 0.180 1.00
1.79 -19.6 -5.0 -5.7 -0.157 +0.023 91 247 349 0.182 1.00
1.83 -14.9 -4.8 -5.7 -0.090 +0.016 91 249 348 0.185 1.00
1.86 -8.4 -3.0 -4.5 -0.017 +0.013 88 251 349 0.186 1.00
1.89 -2.0 -2.8 -3.2 +0.044 +0.012 93 253 346 0.188 1.00
1.92 +0.5 -3.6 -3.7 +0.089 +0.010 86 256 349 0.186 1.00
1.96 +2.6 -4.2 -2.3 +0.112 +0.009 90 259 348 0.186 1.00
1.99 +4.8 -3.4 -2.6 +0.131 +0.009 86 260 348 0.183 1.00
2.02 +7.0 -2.0 -2.9 +0.141 +0.008 90 260 346 0.185 1.00
2.06 +6.8 -2.8 -2.5 +0.147 +0.008 87 261 347 0.183 1.00
2.09 +7.3 -2.1 -2.6 +0.150 +0.009 87 262 348 0.182 1.00
2.12 +7.1 -1.5 -2.7 +0.153 +0.009 86 262 348 0.181 1.00
2.16 +6.9 -2.1 -2.4 +0.154 +0.010 87 262 348 0.181 1.00
2.19 +7.1 -1.6 -2.5 +0.154 +0.011 86 262 348 0.181 1.00
2.22 +6.9 -1.6 -2.6 +0.153 +0.012 87 262 348 0.180 1.00
2.26 +6.3 -1.3 -2.5 +0.152 +0.013 86 262 348 0.180 1.00
2.29 +5.6 -3.2 -2.4 +0.150 +0.013 86 262 348 0.180 1.00
2.32 +6.0 -2.6 -2.5 +0.149 +0.013 86 262 348 0.180 1.00
2.36 +6.0 -2.2 -2.8 +0.147 +0.012 90 262 346 0.180 1.00
2.39 +5.7 -1.9 -2.9 +0.146 +0.012 89 262 346 0.182 1.00
2.42 +5.4 -2.0 -3.0 +0.144 +0.011 89 262 346 0.184 1.00
2.46 +5.2 -2.4 -2.8 +0.143 +0.011 90 261 346 0.185 1.00
2.49 +5.2 -1.8 -3.0 +0.142 +0.011 90 261 346 0.186 1.00
2.52 +4.6 -2.7 -2.8 +0.141 +0.011 90 261 346 0.186 1.00
2.56 +5.0 -2.2 -2.8 +0.140 +0.011 91 261 346 0.187 1.00
2.59 +4.6 -2.3 -2.8 +0.140 +0.011 90 260 346 0.187 1.00
2.63 +4.5 -1.9 -2.9 +0.140 +0.011 90 261 346 0.187 1.00
2.66 +4.4 -2.6 -2.7 +0.139 +0.011 90 261 347 0.187 1.00
2.69 +4.7 -2.3 -2.9 +0.139 +0.012 90 261 346 0.188 1.00
2.72 +4.5 -1.6 -3.2 +0.139 +0.012 91 261 346 0.188 1.00
2.76 +4.4 -1.8 -3.0 +0.139 +0.011 91 261 346 0.189 1.00
2.79 +4.3 -1.8 -2.9 +0.138 +0.011 91 260 346 0.189 1.00
2.82 +4.0 -2.4 -2.9 +0.137 +0.011 92 260 346 0.189 1.00
2.86 +4.3 -1.9 -3.2 +0.137 +0.010 92 260 346 0.190 1.00
2.89 +4.2 -2.3 -3.0 +0.136 +0.010 91 260 346 0.190 1.00
2.92 +4.1 -2.4 -2.9 +0.136 +0.010 92 260 346 0.191 1.00
2.96 +3.4 -2.5 -3.2 +0.135 +0.010 85 259 348 0.191 1.00
2.99 +3.3 -3.0 -3.2 +0.134 +0.009 85 259 349 0.185 1.00
3.02 +3.2 -3.1 -3.3 +0.134 +0.009 85 259 348 0.182 1.00
3.06 +2.9 -3.8 -3.1 +0.133 +0.009 86 259 348 0.180 1.00
3.09 +2.8 -2.8 -3.3 +0.132 +0.008 86 259 348 0.180 1.00
3.12 +3.4 -3.6 -3.4 +0.132 +0.008 85 259 348 0.179 1.00
3.16 +2.7 -4.0 -3.3 +0.131 +0.007 86 259 348 0.179 1.00
3.19 +2.6 -3.2 -3.3 +0.131 +0.008 85 259 348 0.178 1.00
3.22 +2.8 -4.0 -3.4 +0.130 +0.008 86 259 348 0.179 1.00
3.26 +3.0 -3.8 -3.2 +0.130 +0.008 87 259 348 0.179 1.00
3.29 +3.0 -3.8 -3.5 +0.130 +0.008 86 259 348 0.179 1.00
3.32 +2.7 -3.6 -3.3 +0.129 +0.008 86 259 348 0.179 1.00
3.36 +2.5 -3.7 -3.0 +0.129 +0.009 91 259 348 0.180 1.00
3.39 +2.5 -4.5 -3.1 +0.129 +0.009 91 260 348 0.184 1.00
3.42 +2.3 -4.2 -3.0 +0.128 +0.010 92 260 348 0.186 1.00
3.46 +1.7 -3.8 -3.7 +0.126 +0.009 86 258 349 0.188 1.00
3.49 +0.6 -3.2 -4.4 +0.112 +0.007 85 258 349 0.184 1.00
3.52 -2.6 -3.2 -3.7 +0.069 +0.005 95 255 346 0.182 1.00
3.56 -11.3 -4.0 -4.2 -0.011 +0.006 96 251 347 0.188 1.00
3.59 -19.9 -6.1 -5.8 -0.100 +0.010 91 250 348 0.192 1.00
3.64 -29.4 -2.1 -5.0 -0.188 +0.019 89 246 348 0.191 1.00
3.66 -35.4 -0.9 -2.9 -0.233 +0.029 86 244 346 0.189 1.00
3.69 -37.8 +1.1 -2.0 -0.278 +0.037 86 240 347 0.185 1.00
3.72 -41.1 +1.3 -1.7 -0.304 +0.043 87 238 350 0.182 1.00
3.76 -40.8 +2.3 -0.5 -0.326 +0.047 88 236 350 0.182 1.00
3.79 -40.4 +1.0 -0.7 -0.329 +0.050 89 235 351 0.183 1.00
3.83 -39.3 +3.6 +0.7 -0.331 +0.052 96 234 349 0.184 1.00
3.86 -40.8 +1.8 -1.0 -0.333 +0.053 87 234 351 0.185 1.00
3.89 -39.1 +3.0 -0.5 -0.334 +0.054 87 234 351 0.184 1.00
3.92 -40.5 +2.5 -1.1 -0.334 +0.052 88 234 351 0.183 1.00
3.96 -40.6 +2.5 -1.2 -0.334 +0.051 87 233 351 0.183 1.00
3.99 -39.5 +1.4 -1.3 -0.333 +0.049 88 234 351 0.183 1.00
4.02 -39.3 +1.3 -1.2 -0.333 +0.048 88 234 351 0.183 1.00
4.06 -40.2 +0.8 -2.0 -0.332 +0.049 87 235 351 0.183 1.00
4.09 -39.2 +1.7 -1.9 -0.331 +0.049 88 235 350 0.183 1.00
4.12 -38.6 +2.4 -1.6 -0.330 +0.050 88 235 350 0.183 1.00
4.16 -38.5 +1.6 -2.5 -0.327 +0.050 87 236 350 0.183 1.00
4.19 -38.3 +1.0 -2.8 -0.324 +0.050 86 237 350 0.183 1.00
4.22 -38.4 +0.9 -3.2 -0.321 +0.050 86 238 350 0.182 1.00
4.26 -38.2 +0.7 -3.8 -0.299 +0.050 84 239 350 0.180 1.00
4.29 -36.0 +3.5 -2.0 -0.276 +0.052 87 237 351 0.180 1.00
4.32 -31.7 +4.2 -2.6 -0.252 +0.052 86 240 349 0.179 1.00
4.36 -29.6 -0.9 -5.1 -0.228 +0.048 89 244 349 0.180 1.00
4.39 -22.8 -1.2 -5.2 -0.163 +0.043 91 245 350 0.182 1.00
4.42 -17.4 -1.5 -5.1 -0.095 +0.040 92 248 350 0.185 1.00
4.46 -10.9 +0.0 -5.6 -0.028 +0.035 91 250 350 0.187 1.00
4.49 -5.2 +0.5 -4.9 +0.041 +0.029 89 254 349 0.188 1.00
4.52 -1.2 -0.3 -5.4 +0.107 +0.024 86 254 350 0.187 1.00
4.56 +1.9 -1.5 -4.6 +0.134 +0.020 86 257 350 0.184 1.00
4.59 +3.7 -1.5 -4.4 +0.154 +0.015 86 259 349 0.182 1.00
4.62 +6.5 -0.1 -4.3 +0.167 +0.013 91 261 346 0.181 1.00
4.66 +7.2 +0.2 -3.9 +0.171 +0.012 87 262 348 0.181 1.00
4.69 +7.6 -0.0 -3.9 +0.174 +0.011 86 262 348 0.181 1.00
4.73 +7.4 -0.5 -3.6 +0.175 +0.009 87 262 348 0.181 1.00
4.76 +7.5 -0.7 -3.3 +0.176 +0.008 87 262 348 0.181 1.00
4.79 +7.5 -0.9 -3.4 +0.176 +0.007 87 262 347 0.182 1.00
4.83 +6.9 -0.8 -3.1 +0.176 +0.005 86 262 347 0.181 1.00
4.86 +6.8 -1.4 -3.3 +0.176 +0.005 86 262 348 0.181 1.00
4.89 +7.3 -1.3 -3.0 +0.176 +0.004 87 262 348 0.180 1.00
4.92 +7.0 -2.4 -2.8 +0.175 +0.005 87 262 348 0.180 1.00
4.96 +7.1 -1.7 -3.0 +0.175 +0.006 87 262 348 0.180 1.00
4.99 +6.9 -1.1 -2.9 +0.175 +0.006 86 262 348 0.180 1.00
5.02 +7.1 -2.0 -2.8 +0.174 +0.007 87 262 348 0.180 1.00
5.06 +7.3 -1.5 -2.9 +0.174 +0.007 86 262 348 0.180 1.00
5.09 +6.8 -2.3 -2.8 +0.174 +0.006 86 262 348 0.180 1.00
5.12 +6.7 -1.7 -2.9 +0.174 +0.006 86 262 348 0.179 1.00
5.16 +7.0 -2.0 -2.8 +0.174 +0.006 86 262 348 0.180 1.00
5.19 +6.6 -2.3 -2.8 +0.174 +0.006 85 262 348 0.179 1.00
5.22 +6.9 -1.9 -2.8 +0.173 +0.005 86 262 348 0.179 1.00
5.26 +6.5 -2.6 -2.7 +0.172 +0.005 86 261 348 0.179 1.00
5.29 +6.7 -2.4 -2.6 +0.171 +0.005 86 261 348 0.179 1.00
5.32 +6.9 -2.3 -2.8 +0.170 +0.005 87 261 348 0.179 1.00
5.36 +6.6 -1.9 -3.3 +0.170 +0.005 89 261 346 0.180 1.00
5.39 +6.7 -2.0 -3.4 +0.169 +0.005 89 261 345 0.182 1.00
5.43 +6.3 -2.0 -3.5 +0.168 +0.005 90 261 345 0.184 1.00
5.46 +6.1 -2.6 -3.0 +0.168 +0.004 89 261 346 0.185 1.00
5.49 +6.0 -3.2 -2.9 +0.168 +0.004 89 261 346 0.185 1.00
5.52 +6.1 -3.2 -2.9 +0.167 +0.004 89 260 346 0.186 1.00
5.56 +6.1 -2.7 -3.0 +0.166 +0.004 90 261 346 0.186 1.00
5.59 +6.2 -2.8 -3.0 +0.165 +0.004 90 260 346 0.186 1.00
5.62 +6.5 -1.9 -3.2 +0.165 +0.004 90 260 345 0.186 1.00
5.66 +5.8 -2.8 -3.0 +0.164 +0.004 90 260 346 0.187 1.00
5.69 +5.5 -2.8 -3.1 +0.163 +0.003 90 260 346 0.187 1.00
5.72 +5.8 -2.9 -3.2 +0.163 +0.003 90 260 346 0.187 1.00
5.76 +5.8 -3.0 -3.0 +0.163 +0.003 90 260 346 0.187 1.00
5.79 +6.0 -3.1 -3.1 +0.162 +0.003 90 259 346 0.187 1.00
5.82 +5.8 -2.7 -2.9 +0.162 +0.003 90 260 346 0.187 1.00
5.86 +5.9 -2.7 -3.0 +0.162 +0.003 90 260 346 0.187 1.00
5.89 +5.5 -2.3 -3.0 +0.162 +0.003 89 260 346 0.187 1.00
5.92 +5.6 -3.4 -2.9 +0.162 +0.003 90 259 346 0.187 1.00
5.96 +4.9 -3.4 -3.3 +0.162 +0.003 85 260 348 0.187 1.00
5.99 +4.8 -3.7 -3.3 +0.161 +0.002 85 260 348 0.183 1.00
6.02 +5.4 -3.5 -3.1 +0.161 +0.002 90 259 346 0.181 1.00
