v2 t yaw pitch roll pos_x pos_y w cx cy size score
0.02 +3.9 -5.6 -2.9 +0.000 +0.000 92 259 347 0.190 1.00
0.05 +3.3 -5.8 -3.3 +0.000 -0.000 91 259 347 0.190 1.00
0.09 +4.0 -5.8 -3.1 +0.000 -0.000 91 259 347 0.190 1.00
0.12 +4.1 -4.8 -3.0 -0.000 -0.000 91 259 348 0.190 1.00
0.15 +3.6 -5.2 -3.1 -0.001 -0.000 92 259 347 0.190 1.00
0.19 +3.7 -5.4 -3.1 -0.001 -0.000 92 259 347 0.190 1.00
0.22 +4.2 -4.9 -3.3 -0.001 -0.000 92 259 347 0.191 1.00
0.25 +3.5 -5.6 -3.1 -0.001 -0.000 92 259 347 0.191 1.00
0.29 +4.2 -4.9 -3.1 -0.001 +0.000 91 259 348 0.191 1.00
0.32 +3.9 -5.4 -3.0 -0.001 +0.000 92 259 347 0.191 1.00
0.36 +3.7 -5.3 -3.1 -0.002 +0.000 91 259 347 0.191 1.00
0.39 +3.5 -5.4 -3.2 -0.002 +0.000 91 259 347 0.191 1.00
0.42 +3.1 -5.0 -3.8 -0.002 +0.000 86 258 348 0.190 1.00
0.45 +3.3 -5.4 -3.2 -0.002 +0.000 91 259 347 0.190 1.00
0.49 +3.1 -5.5 -3.3 -0.002 +0.000 92 259 347 0.190 1.00
0.52 +3.2 -5.6 -3.3 -0.002 +0.000 92 259 347 0.191 1.00
0.55 +3.3 -5.4 -3.3 -0.003 +0.000 91 259 347 0.191 1.00
0.59 +3.4 -5.2 -3.5 -0.003 +0.000 92 259 347 0.191 1.00
0.62 +3.6 -4.9 -3.2 -0.003 +0.000 91 259 347 0.191 1.00
0.65 +2.9 -5.7 -3.3 -0.004 +0.000 91 259 347 0.191 1.00
0.69 +2.3 -5.4 -3.2 -0.005 +0.000 91 259 347 0.190 1.00
0.72 +2.3 -4.7 -3.5 -0.007 +0.000 91 258 347 0.190 1.00
0.75 +1.1 -4.1 -3.6 -0.011 -0.001 92 258 347 0.190 1.00
0.79 +0.2 -4.6 -4.1 -0.028 -0.003 95 254 344 0.191 1.00
0.82 -7.1 -7.0 -5.0 -0.076 -0.003 88 253 347 0.191 1.00
0.85 -13.4 -7.0 -5.7 -0.144 -0.002 91 251 347 0.190 1.00
0.89 -19.7 -8.2 -6.2 -0.215 +0.000 91 249 348 0.190 1.00
0.92 -24.7 -3.5 -4.6 -0.282 +0.003 94 247 347 0.190 1.00
0.95 -30.9 -2.0 -4.2 -0.302 +0.005 86 245 345 0.190 1.00
0.99 -34.7 -1.6 -2.8 -0.326 +0.013 85 243 345 0.185 1.00
1.02 -36.8 -1.2 -2.4 -0.350 +0.021 84 242 345 0.182 1.00
1.05 -37.9 +0.1 -1.9 -0.372 +0.024 85 240 346 0.180 1.00
1.09 -38.1 +0.2 -1.8 -0.374 +0.026 86 239 346 0.179 1.00
1.12 -37.7 -1.4 -2.5 -0.375 +0.026 85 239 345 0.178 1.00
1.15 -38.3 -1.0 -2.5 -0.376 +0.025 86 239 345 0.178 1.00
1.19 -39.0 -0.9 -4.1 -0.376 +0.025 85 239 349 0.178 1.00
1.22 -38.9 -0.4 -2.1 -0.377 +0.026 85 238 346 0.178 1.00
1.25 -36.8 -0.1 -2.3 -0.378 +0.026 86 238 346 0.177 1.00
1.29 -38.9 -1.2 -4.1 -0.378 +0.026 84 238 349 0.177 1.00
1.32 -37.2 -1.0 -2.0 -0.378 +0.027 85 238 345 0.177 1.00
1.35 -37.7 -0.0 -2.5 -0.377 +0.028 85 238 346 0.178 1.00
1.39 -38.0 -1.3 -4.4 -0.376 +0.027 85 238 349 0.178 1.00
1.42 -37.8 -1.2 -3.1 -0.372 +0.027 85 239 346 0.177 1.00
1.45 -35.9 -1.0 -3.1 -0.351 +0.027 86 241 346 0.177 1.00
1.49 -34.5 -1.6 -3.4 -0.329 +0.026 86 241 346 0.178 1.00
1.52 -30.2 -4.1 -5.4 -0.305 +0.024 87 243 348 0.178 1.00
1.55 -25.0 -2.0 -4.5 -0.262 +0.021 92 247 348 0.180 1.00
1.59 -18.9 -6.7 -5.9 -0.197 +0.016 92 248 348 0.184 1.00
1.62 -15.5 -6.2 -5.6 -0.129 +0.013 91 249 348 0.187 1.00
1.65 -8.4 -4.5 -4.4 -0.056 +0.011 88 251 349 0.189 1.00
1.69 -2.0 -3.2 -3.7 +0.003 +0.009 95 253 346 0.189 1.00
1.72 +0.6 -3.9 -3.8 +0.026 +0.007 94 256 346 0.192 1.00
1.75 +2.4 -4.5 -3.4 +0.044 +0.006 91 258 348 0.194 1.00
1.79 +3.9 -4.4 -3.7 +0.056 +0.006 86 259 348 0.192 1.00
1.82 +5.3 -3.9 -3.9 +0.063 +0.007 85 259 348 0.187 1.00
1.85 +7.7 -2.6 -3.9 +0.067 +0.007 89 259 346 0.184 1.00
1.89 +7.0 -4.0 -3.5 +0.070 +0.007 85 260 347 0.182 1.00
1.92 +6.3 -4.2 -3.2 +0.071 +0.007 86 261 348 0.180 1.00
1.95 +6.7 -3.6 -3.1 +0.071 +0.007 85 261 347 0.179 1.00
1.99 +6.6 -4.2 -3.2 +0.071 +0.006 85 261 348 0.179 1.00
2.02 +7.6 -3.4 -3.3 +0.071 +0.006 89 260 345 0.178 1.00
2.05 +7.3 -2.8 -3.4 +0.070 +0.006 88 260 345 0.180 1.00
2.09 +6.7 -3.7 -3.3 +0.070 +0.006 89 260 345 0.182 1.00
2.12 +6.9 -4.6 -3.1 +0.069 +0.006 89 260 346 0.184 1.00
2.15 +5.7 -5.0 -3.0 +0.068 +0.007 88 260 346 0.184 1.00
2.19 +5.4 -4.4 -3.3 +0.067 +0.007 89 259 347 0.185 1.00
2.22 +5.3 -4.6 -3.2 +0.066 +0.007 88 259 347 0.185 1.00
2.25 +5.2 -4.9 -3.0 +0.065 +0.007 89 260 347 0.184 1.00
2.29 +5.2 -5.0 -3.0 +0.065 +0.006 89 259 346 0.184 1.00
2.32 +5.0 -5.2 -3.1 +0.065 +0.004 90 259 346 0.185 1.00
2.35 +5.4 -5.0 -3.1 +0.064 +0.004 90 259 346 0.186 1.00
2.39 +4.4 -5.8 -2.9 +0.063 +0.003 90 261 346 0.187 1.00
2.42 +4.2 -5.7 -3.1 +0.063 +0.004 90 261 346 0.187 1.00
2.46 +4.2 -5.4 -3.1 +0.062 +0.005 90 261 346 0.187 1.00
2.49 +3.7 -4.8 -3.6 +0.061 +0.005 86 259 348 0.187 1.00
2.52 +4.1 -4.4 -3.5 +0.061 +0.006 85 259 348 0.184 1.00
2.55 +4.1 -4.3 -3.7 +0.061 +0.006 86 259 348 0.182 1.00
2.59 +4.2 -4.3 -3.6 +0.061 +0.005 86 260 348 0.180 1.00
2.62 +4.3 -4.9 -3.4 +0.061 +0.005 90 261 346 0.180 1.00
2.65 +3.9 -4.1 -3.7 +0.061 +0.005 86 259 348 0.180 1.00
2.69 +4.1 -4.0 -3.7 +0.061 +0.005 86 259 348 0.180 1.00
2.72 +4.1 -4.1 -3.6 +0.061 +0.005 86 259 348 0.180 1.00
2.75 +4.2 -4.0 -3.6 +0.061 +0.005 86 259 348 0.179 1.00
2.79 +4.1 -4.6 -3.8 +0.060 +0.005 86 259 348 0.179 1.00
2.82 +3.8 -4.2 -3.6 +0.059 +0.004 86 259 348 0.179 1.00
2.85 +3.9 -4.4 -3.9 +0.058 +0.005 86 259 348 0.179 1.00
2.89 +3.6 -4.8 -3.2 +0.057 +0.005 91 259 347 0.179 1.00
2.92 +2.4 -5.0 -3.2 +0.054 +0.005 91 259 348 0.183 1.00
2.95 +0.8 -4.3 -3.5 +0.046 +0.004 92 259 347 0.186 1.00
2.99 -1.3 -4.7 -3.8 +0.023 +0.001 94 254 345 0.189 1.00
3.02 -10.7 -5.5 -5.1 -0.047 +0.000 89 253 348 0.190 1.00
3.05 -19.8 -8.2 -5.9 -0.137 +0.004 91 249 348 0.190 1.00
3.09 -25.8 +0.0 -3.2 -0.224 +0.012 92 247 346 0.189 1.00
3.12 -33.6 -2.8 -4.1 -0.246 +0.023 86 244 347 0.189 1.00
3.15 -37.1 +0.5 -1.7 -0.293 +0.034 86 240 346 0.186 1.00
3.19 -40.4 +0.9 -1.8 -0.339 +0.044 88 236 350 0.183 1.00
3.22 -41.6 +2.9 +0.4 -0.380 +0.051 93 232 348 0.184 1.00
3.25 -42.2 +2.2 +0.7 -0.402 +0.055 94 229 348 0.188 1.00
3.29 -42.1 +3.8 +1.2 -0.422 +0.059 92 228 349 0.191 1.00
3.32 -42.3 +2.7 +0.3 -0.424 +0.061 91 227 350 0.191 1.00
3.35 -41.7 +2.4 +0.2 -0.425 +0.061 92 227 349 0.191 1.00
3.39 -41.0 +3.1 -0.4 -0.425 +0.059 92 227 349 0.191 1.00
3.42 -40.9 +2.9 -0.3 -0.425 +0.058 92 227 349 0.191 1.00
3.45 -40.6 +3.4 +0.0 -0.424 +0.057 92 227 349 0.191 1.00
3.49 -40.5 +2.4 -0.5 -0.423 +0.057 92 227 349 0.191 1.00
3.52 -40.0 +2.5 -0.7 -0.422 +0.057 93 228 349 0.191 1.00
3.55 -39.8 +4.0 -0.5 -0.421 +0.058 93 229 350 0.192 1.00
3.59 -39.7 +3.1 -0.5 -0.419 +0.058 94 229 349 0.193 1.00
3.62 -39.2 +2.7 -0.3 -0.416 +0.056 95 230 349 0.194 1.00
3.65 -38.2 +2.9 -1.1 -0.396 +0.055 94 232 349 0.195 1.00
3.69 -38.9 +0.3 -1.6 -0.372 +0.054 88 236 350 0.195 1.00
3.72 -35.9 +0.5 -2.5 -0.328 +0.053 89 239 351 0.191 1.00
3.75 -31.0 +3.5 -2.7 -0.283 +0.048 87 240 348 0.188 1.00
3.79 -24.6 -2.0 -4.2 -0.237 +0.041 89 244 349 0.187 1.00
3.82 -17.2 -4.3 -4.9 -0.150 +0.033 91 248 349 0.186 1.00
3.85 -11.0 -3.3 -4.7 -0.063 +0.027 91 250 349 0.187 1.00
3.89 -3.8 -1.7 -3.9 +0.006 +0.024 87 252 349 0.188 1.00
3.92 +0.2 -2.0 -3.7 +0.053 +0.022 87 254 349 0.185 1.00
3.95 +2.7 -1.4 -2.7 +0.077 +0.021 91 258 350 0.184 1.00
3.99 +4.1 -1.6 -3.3 +0.095 +0.021 86 258 348 0.183 1.00
4.02 +5.7 -0.9 -3.2 +0.105 +0.022 85 260 348 0.181 1.00
4.05 +6.0 -0.8 -2.9 +0.110 +0.023 90 260 346 0.181 1.00
4.09 +6.6 -1.2 -2.9 +0.112 +0.023 90 261 345 0.184 1.00
4.12 +6.8 -0.9 -2.7 +0.114 +0.023 90 261 346 0.185 1.00
4.15 +6.7 -0.9 -2.8 +0.114 +0.024 91 261 346 0.187 1.00
4.19 +6.5 -0.8 -3.1 +0.113 +0.025 90 261 345 0.187 1.00
4.22 +6.5 -1.8 -2.3 +0.113 +0.025 90 261 346 0.188 1.00
4.25 +6.6 -0.9 -2.3 +0.112 +0.025 90 261 346 0.188 1.00
4.29 +6.1 -0.8 -2.3 +0.111 +0.025 91 260 346 0.188 1.00
4.32 +6.0 -1.4 -1.9 +0.109 +0.024 91 260 346 0.188 1.00
4.35 +6.4 -1.4 -1.9 +0.107 +0.022 91 260 346 0.188 1.00
4.39 +6.0 -2.1 -2.1 +0.105 +0.021 91 260 346 0.189 1.00
4.42 +6.0 -2.1 -1.9 +0.104 +0.020 91 260 346 0.189 1.00
4.45 +5.5 -2.1 -2.3 +0.104 +0.021 91 260 347 0.189 1.00
4.49 +5.8 -1.8 -2.3 +0.104 +0.023 91 260 347 0.189 1.00
4.52 +6.0 -1.2 -2.3 +0.103 +0.025 92 260 347 0.190 1.00
4.56 +6.0 -1.9 -2.0 +0.104 +0.024 92 260 347 0.190 1.00
4.59 +5.8 -2.3 -1.9 +0.105 +0.022 91 260 346 0.190 1.00
4.62 +5.7 -2.5 -1.5 +0.106 +0.020 91 260 346 0.190 1.00
4.65 +5.9 -2.9 -1.4 +0.108 +0.019 91 260 346 0.190 1.00
4.69 +5.9 -2.5 -1.3 +0.109 +0.020 91 261 346 0.190 1.00
4.72 +6.1 -2.3 -1.3 +0.110 +0.021 91 261 346 0.190 1.00
4.75 +5.8 -2.5 -1.3 +0.111 +0.022 91 261 347 0.190 1.00
4.79 +5.9 -2.3 -1.5 +0.111 +0.023 91 261 347 0.189 1.00
4.82 +6.1 -2.7 -1.5 +0.111 +0.023 90 261 347 0.189 1.00
4.85 +6.1 -2.7 -1.8 +0.110 +0.021 91 261 347 0.189 1.00
4.89 +5.9 -2.3 -2.1 +0.108 +0.020 91 260 347 0.189 1.00
4.92 +5.1 -2.9 -2.0 +0.106 +0.019 91 260 347 0.189 1.00
4.95 +4.5 -2.7 -2.0 +0.104 +0.020 91 260 347 0.189 1.00
4.99 +3.8 -3.0 -2.4 +0.102 +0.020 84 259 349 0.189 1.00
5.02 +4.8 -3.3 -2.1 +0.101 +0.021 93 259 348 0.190 1.00
5.05 +5.1 -2.6 -2.1 +0.100 +0.022 93 259 348 0.191 1.00
5.09 +4.7 -2.1 -2.4 +0.098 +0.023 84 259 349 0.192 1.00
5.12 +4.9 -2.5 -2.2 +0.098 +0.022 93 259 347 0.192 1.00
5.15 +3.9 -3.5 -2.3 +0.097 +0.021 85 259 349 0.186 1.00
5.19 +4.1 -3.6 -2.4 +0.097 +0.019 85 259 348 0.182 1.00
5.22 +4.2 -3.6 -2.3 +0.097 +0.018 85 259 348 0.180 1.00
5.25 +3.9 -4.2 -2.2 +0.098 +0.017 85 259 349 0.179 1.00
5.29 +4.1 -3.0 -2.3 +0.099 +0.017 84 259 348 0.178 1.00
5.32 +4.2 -3.4 -2.2 +0.100 +0.018 85 259 348 0.177 1.00
5.35 +4.8 -3.5 -2.0 +0.101 +0.018 91 259 347 0.177 1.00
5.38 +4.3 -2.7 -2.4 +0.101 +0.019 85 259 348 0.177 1.00
5.42 +4.0 -3.1 -2.4 +0.101 +0.019 85 259 349 0.177 1.00
5.45 +4.4 -2.3 -2.5 +0.100 +0.020 85 259 348 0.177 1.00
5.49 +4.1 -2.5 -2.5 +0.100 +0.020 85 259 348 0.177 1.00
5.52 +4.1 -3.1 -2.5 +0.100 +0.020 85 259 349 0.177 1.00
5.55 +4.2 -1.9 -2.7 +0.100 +0.020 85 259 348 0.177 1.00
5.59 +4.0 -2.7 -2.7 +0.100 +0.020 85 259 349 0.177 1.00
5.62 +4.8 -2.2 -2.5 +0.100 +0.020 93 259 346 0.177 1.00
5.65 +3.7 -2.0 -2.7 +0.099 +0.021 85 259 349 0.177 1.00
5.69 +3.3 -3.5 -2.6 +0.098 +0.021 85 259 349 0.177 1.00
5.72 +3.3 -2.1 -2.8 +0.097 +0.021 85 259 349 0.177 1.00
5.75 +3.4 -3.2 -2.8 +0.097 +0.021 85 259 349 0.177 1.00
5.79 +3.2 -3.5 -2.7 +0.098 +0.021 85 259 349 0.177 1.00
5.82 +3.1 -2.4 -2.7 +0.097 +0.021 85 259 349 0.177 1.00
5.85 +3.5 -2.3 -2.8 +0.097 +0.020 85 258 349 0.177 1.00
5.89 +3.5 -3.1 -2.3 +0.097 +0.020 92 260 349 0.177 1.00
5.92 +3.3 -2.5 -2.9 +0.096 +0.020 85 259 348 0.177 1.00
5.95 +3.4 -4.4 -2.4 +0.095 +0.020 91 259 348 0.182 1.00
5.98 +2.9 -3.6 -2.6 +0.095 +0.020 91 259 348 0.185 1.00
6.02 +2.7 -3.3 -2.6 +0.094 +0.020 91 259 348 0.187 1.00
