v2 t yaw pitch roll pos_x pos_y w cx cy size score
0.02 +2.6 -4.0 -4.1 +0.000 +0.000 86 259 348 0.179 1.00
0.05 +2.6 -3.9 -4.2 -0.000 -0.000 85 260 349 0.179 1.00
0.09 +2.6 -4.0 -4.2 -0.000 -0.000 86 260 349 0.179 1.00
0.12 +2.4 -3.4 -4.3 -0.000 +0.000 85 260 349 0.179 1.00
0.15 +2.6 -4.0 -4.3 -0.000 +0.000 86 260 349 0.179 1.00
0.19 +2.2 -4.0 -4.1 -0.000 +0.001 86 259 349 0.179 1.00
0.22 +2.7 -4.1 -4.1 -0.000 +0.000 86 260 349 0.179 1.00
0.25 +2.7 -3.4 -4.0 +0.000 +0.000 86 260 348 0.179 1.00
0.29 +2.7 -3.8 -3.9 +0.000 -0.000 86 259 348 0.179 1.00
0.32 +2.1 -4.7 -4.1 +0.000 -0.000 86 260 348 0.179 1.00
0.35 +2.5 -4.0 -4.1 +0.000 -0.001 85 260 349 0.179 1.00
0.39 +2.1 -3.9 -4.1 +0.001 -0.000 85 259 348 0.178 1.00
0.42 +3.2 -3.9 -3.6 +0.001 -0.000 91 261 345 0.178 1.00
0.45 +2.5 -4.0 -4.2 +0.001 -0.000 85 260 349 0.178 1.00
0.49 +2.2 -3.9 -4.1 +0.001 -0.000 86 260 349 0.178 1.00
0.52 +3.0 -3.4 -4.0 +0.001 +0.000 86 259 348 0.178 1.00
0.55 +2.6 -4.1 -4.0 +0.000 +0.000 86 260 348 0.178 1.00
0.59 +2.7 -4.4 -4.0 +0.000 -0.000 86 260 349 0.178 1.00
0.62 +2.4 -4.3 -4.2 +0.000 -0.000 86 259 349 0.178 1.00
0.65 +2.7 -4.0 -4.2 -0.000 -0.000 86 259 348 0.178 1.00
0.69 +3.0 -3.6 -3.3 -0.000 -0.000 92 260 347 0.179 1.00
0.72 +2.3 -4.7 -4.0 -0.000 -0.000 86 260 348 0.179 1.00
0.75 +2.0 -3.7 -4.3 -0.000 -0.000 86 259 349 0.179 1.00
0.79 +2.4 -4.1 -4.1 -0.000 +0.000 86 260 348 0.179 1.00
0.82 +2.3 -4.3 -4.1 +0.000 +0.000 86 259 349 0.178 1.00
0.85 +2.5 -3.5 -4.2 +0.000 +0.000 85 260 348 0.178 1.00
0.89 +2.6 -4.5 -4.0 +0.001 +0.000 85 259 348 0.178 1.00
0.92 +2.6 -4.4 -4.0 +0.001 +0.000 85 260 348 0.178 1.00
0.95 +2.0 -4.6 -4.0 +0.001 +0.001 85 259 348 0.178 1.00
0.99 +2.7 -3.9 -4.0 +0.001 +0.000 86 259 349 0.178 1.00
1.02 +2.3 -4.1 -4.0 +0.001 +0.000 86 259 349 0.179 1.00
1.06 +2.2 -4.0 -4.1 +0.000 +0.000 85 259 348 0.179 1.00
1.09 +2.6 -4.8 -4.1 +0.001 +0.000 85 260 348 0.178 1.00
1.12 +2.8 -3.9 -4.0 +0.001 -0.000 86 259 348 0.178 1.00
1.15 +2.9 -4.1 -4.0 +0.001 -0.000 86 260 348 0.178 1.00
1.19 +2.2 -4.0 -4.1 +0.001 -0.000 86 259 349 0.179 1.00
1.22 +2.7 -4.5 -3.9 +0.001 -0.000 86 259 348 0.179 1.00
1.25 +2.4 -4.3 -4.2 +0.001 -0.001 86 260 349 0.179 1.00
1.29 +2.4 -4.0 -3.9 +0.001 -0.001 86 260 348 0.179 1.00
1.32 +2.8 -4.0 -4.0 +0.001 -0.001 85 260 348 0.179 1.00
1.35 +2.3 -4.6 -4.0 +0.001 -0.001 86 259 348 0.179 1.00
1.39 +2.6 -4.5 -4.0 +0.000 -0.002 86 259 348 0.179 1.00
1.42 +2.6 -4.4 -4.1 -0.000 -0.002 86 260 349 0.179 1.00
1.45 +2.1 -4.5 -4.1 -0.000 -0.002 86 259 349 0.179 1.00
1.49 +2.8 -4.1 -4.1 -0.000 -0.001 85 260 349 0.179 1.00
1.52 +2.6 -4.4 -4.0 -0.000 -0.002 86 260 349 0.179 1.00
1.55 +2.6 -4.0 -3.3 -0.000 -0.001 92 260 347 0.179 1.00
1.59 +2.3 -4.2 -4.1 +0.000 -0.002 86 259 349 0.179 1.00
1.62 +2.6 -4.1 -4.0 -0.000 -0.002 85 259 349 0.179 1.00
1.65 +2.6 -3.8 -4.3 -0.000 -0.002 85 260 349 0.179 1.00
1.69 +2.4 -4.1 -4.1 -0.000 -0.002 86 259 348 0.178 1.00
1.72 +2.2 -4.0 -4.2 -0.000 -0.003 85 259 349 0.178 1.00
1.75 +2.3 -4.4 -3.9 +0.001 -0.003 86 259 348 0.178 1.00
1.79 +2.6 -4.3 -3.9 +0.001 -0.002 87 259 348 0.179 1.00
1.82 +2.4 -4.4 -4.2 +0.001 -0.002 86 260 349 0.180 1.00
1.85 +2.9 -4.0 -4.0 +0.002 -0.002 85 260 349 0.180 1.00
1.89 +2.2 -4.7 -4.0 +0.002 -0.002 85 260 349 0.179 1.00
1.92 +2.3 -5.0 -4.1 +0.002 -0.002 85 260 348 0.178 1.00
1.95 +2.6 -4.4 -4.1 +0.002 -0.002 86 260 348 0.178 1.00
1.99 +2.4 -4.6 -4.1 +0.002 -0.002 86 260 349 0.178 1.00
2.02 +2.4 -3.9 -4.1 +0.002 -0.002 85 260 349 0.178 1.00
2.05 +2.4 -3.9 -4.1 +0.002 -0.001 86 260 349 0.178 1.00
2.09 +2.8 -3.7 -4.1 +0.002 -0.001 86 260 349 0.178 1.00
2.12 +2.5 -4.4 -3.8 +0.003 -0.001 85 259 348 0.178 1.00
2.15 +2.7 -4.4 -4.0 +0.004 -0.001 85 260 349 0.178 1.00
2.19 +3.0 -4.2 -3.8 +0.005 -0.001 86 260 349 0.178 1.00
2.22 +5.0 -4.1 -3.4 +0.006 -0.001 91 260 345 0.178 1.00
2.25 +4.5 -4.4 -3.4 +0.007 -0.002 90 260 346 0.182 1.00
2.29 +4.8 -4.5 -3.3 +0.009 -0.002 89 260 346 0.184 1.00
2.32 +5.8 -4.4 -3.4 +0.011 -0.003 89 261 345 0.185 1.00
2.35 +6.7 -4.1 -3.3 +0.016 -0.005 86 262 347 0.185 1.00
2.39 +9.1 -3.4 -3.5 +0.035 -0.009 87 262 345 0.184 1.00
2.42 +14.7 -4.3 -3.3 +0.058 -0.014 88 262 344 0.183 1.00
2.45 +18.8 -7.7 -0.9 +0.107 -0.022 87 264 346 0.182 1.00
2.49 +25.1 -10.9 -0.3 +0.131 -0.030 87 267 345 0.182 1.00
2.52 +33.7 -8.6 -0.8 +0.224 -0.033 85 271 347 0.182 1.00
2.55 +38.8 -9.7 +0.7 +0.293 -0.030 85 277 344 0.180 1.00
2.59 +40.8 -7.4 -0.8 +0.316 -0.026 88 279 346 0.179 1.00
2.62 +42.1 -6.0 -1.5 +0.337 -0.023 87 281 347 0.180 1.00
2.65 +42.0 -5.3 -1.2 +0.341 -0.022 86 282 347 0.181 1.00
2.69 +42.3 -6.0 -1.7 +0.343 -0.022 89 280 344 0.181 1.00
2.72 +42.4 -5.9 -1.0 +0.345 -0.023 89 280 344 0.182 1.00
2.75 +42.4 -4.2 -0.7 +0.347 -0.024 87 281 344 0.183 1.00
2.79 +41.7 -4.8 -0.6 +0.350 -0.024 87 281 344 0.183 1.00
2.82 +42.2 -4.8 -0.9 +0.352 -0.024 87 281 345 0.182 1.00
2.85 +41.5 -4.8 -0.7 +0.354 -0.024 87 281 345 0.182 1.00
2.89 +41.8 -4.8 -1.1 +0.355 -0.024 87 282 344 0.182 1.00
2.92 +42.5 -4.3 -0.8 +0.355 -0.023 85 282 345 0.181 1.00
2.95 +41.9 -4.8 -0.9 +0.355 -0.023 85 282 344 0.180 1.00
2.99 +41.9 -4.6 -1.2 +0.355 -0.022 85 281 344 0.179 1.00
3.02 +42.5 -4.4 -1.1 +0.354 -0.021 86 281 345 0.178 1.00
3.05 +41.2 -4.0 -0.6 +0.354 -0.020 85 281 345 0.178 1.00
3.09 +41.2 -4.8 -1.1 +0.353 -0.020 86 281 345 0.178 1.00
3.12 +41.2 -5.2 -1.0 +0.352 -0.020 87 280 344 0.179 1.00
3.16 +41.2 -5.1 -0.6 +0.351 -0.019 86 280 345 0.179 1.00
3.19 +41.5 -3.8 -0.9 +0.350 -0.019 86 280 345 0.179 1.00
3.22 +41.9 -4.3 -1.3 +0.350 -0.019 87 280 345 0.180 1.00
3.25 +40.8 -4.7 -0.7 +0.349 -0.019 85 280 346 0.180 1.00
3.29 +40.0 -4.3 -0.7 +0.348 -0.019 85 284 348 0.179 1.00
3.32 +40.6 -4.3 -1.0 +0.348 -0.019 88 279 345 0.179 1.00
3.35 +40.8 -4.5 -0.8 +0.347 -0.018 87 280 345 0.180 1.00
3.39 +39.8 -3.7 -1.0 +0.347 -0.018 85 283 348 0.180 1.00
3.42 +40.0 -5.7 +0.3 +0.346 -0.018 86 283 347 0.179 1.00
3.45 +40.0 -6.5 +0.4 +0.345 -0.015 84 283 348 0.179 1.00
3.49 +38.5 -6.9 -0.3 +0.342 -0.012 83 283 348 0.178 1.00
3.52 +37.2 -7.5 +0.6 +0.321 -0.011 85 281 347 0.177 1.00
3.55 +35.5 -7.3 +0.3 +0.272 -0.013 82 278 348 0.175 1.00
3.59 +31.7 -8.3 +1.0 +0.247 -0.015 84 274 348 0.175 1.00
3.62 +26.2 -6.3 +0.4 +0.245 -0.015 85 273 348 0.175 1.00
3.65 +20.6 -7.7 +1.3 +0.222 -0.014 87 271 347 0.176 1.00
3.69 +16.8 -6.2 +0.3 +0.201 -0.013 87 269 347 0.178 1.00
3.72 +12.8 -5.5 -0.7 +0.179 -0.011 88 267 347 0.180 1.00
3.75 +10.0 -3.7 -1.4 +0.157 -0.008 88 266 345 0.181 1.00
3.79 +7.8 -3.1 -1.3 +0.139 -0.005 88 266 347 0.182 1.00
3.82 +5.8 -1.8 -1.8 +0.129 -0.002 87 265 347 0.182 1.00
3.85 +5.4 -2.1 -1.7 +0.122 -0.000 88 264 345 0.182 1.00
3.89 +3.2 -3.0 -2.5 +0.115 +0.000 85 263 348 0.181 1.00
3.92 +3.3 -3.1 -3.0 +0.109 +0.001 88 263 350 0.182 1.00
3.95 +3.1 -1.2 -3.1 +0.103 +0.001 91 262 346 0.182 1.00
3.99 +2.8 -2.5 -3.0 +0.098 +0.002 92 261 346 0.185 1.00
4.02 +2.3 -3.1 -3.0 +0.094 +0.002 92 260 347 0.188 1.00
4.05 +3.1 -2.6 -3.1 +0.092 +0.002 92 259 347 0.190 1.00
4.09 +3.0 -2.2 -3.3 +0.090 +0.002 92 259 347 0.191 1.00
4.12 +1.9 -3.5 -4.1 +0.088 +0.003 86 260 349 0.191 1.00
4.15 +2.2 -3.2 -4.4 +0.087 +0.003 86 260 349 0.187 1.00
4.19 +1.8 -3.3 -4.5 +0.086 +0.003 86 259 349 0.184 1.00
4.22 +1.8 -3.5 -4.6 +0.085 +0.003 86 259 349 0.182 1.00
4.25 +1.6 -3.6 -4.6 +0.085 +0.004 86 259 349 0.181 1.00
4.29 +3.1 -2.2 -3.8 +0.085 +0.005 92 258 348 0.181 1.00
4.32 +1.8 -3.1 -4.5 +0.086 +0.006 86 259 349 0.180 1.00
4.35 +3.4 -2.2 -3.7 +0.087 +0.007 92 259 348 0.185 1.00
4.39 +3.3 -1.8 -3.7 +0.088 +0.007 92 259 348 0.187 1.00
4.42 +3.5 -1.6 -3.8 +0.089 +0.007 92 259 347 0.189 1.00
4.45 +3.8 -2.1 -3.7 +0.089 +0.007 93 259 348 0.191 1.00
4.49 +3.7 -2.1 -3.7 +0.090 +0.007 92 259 348 0.191 1.00
4.52 +3.5 -1.8 -3.8 +0.090 +0.007 92 259 347 0.192 1.00
4.55 +3.3 -1.7 -3.9 +0.090 +0.006 92 259 347 0.192 1.00
4.59 +3.0 -1.4 -4.0 +0.090 +0.006 93 259 346 0.192 1.00
4.62 +3.6 -1.7 -3.8 +0.090 +0.006 93 259 347 0.193 1.00
4.65 +2.5 -3.3 -4.3 +0.089 +0.006 86 260 349 0.193 1.00
4.69 +2.4 -3.2 -4.3 +0.089 +0.005 86 260 349 0.188 1.00
4.72 +3.8 -1.7 -3.8 +0.089 +0.005 93 259 348 0.184 1.00
4.75 +3.7 -2.3 -3.8 +0.089 +0.006 92 259 347 0.187 1.00
4.79 +3.7 -2.6 -3.6 +0.089 +0.006 92 259 348 0.189 1.00
4.82 +3.2 -2.6 -3.6 +0.089 +0.006 93 259 347 0.191 1.00
4.85 +3.5 -2.0 -3.7 +0.089 +0.006 93 259 347 0.192 1.00
4.89 +3.9 -1.5 -3.8 +0.090 +0.006 92 259 346 0.192 1.00
4.92 +4.4 -1.2 -3.6 +0.093 +0.005 91 260 347 0.192 1.00
4.95 +6.2 -1.4 -3.6 +0.098 +0.003 91 262 345 0.192 1.00
4.98 +10.3 -3.3 -2.6 +0.123 -0.004 87 261 345 0.191 1.00
5.02 +17.9 -7.5 +0.2 +0.190 -0.019 88 264 347 0.188 1.00
5.05 +27.2 -9.4 +1.3 +0.192 -0.033 87 269 347 0.186 1.00
5.09 +36.7 -10.0 +1.5 +0.309 -0.044 84 275 345 0.184 1.00
5.12 +40.7 -5.1 -0.4 +0.381 -0.050 86 281 346 0.182 1.00
5.15 +42.3 -5.1 -1.4 +0.427 -0.052 87 282 344 0.181 1.00
5.19 +44.3 -4.2 -0.7 +0.448 -0.052 87 284 344 0.181 1.00
5.22 +45.2 -5.4 +0.7 +0.453 -0.051 84 285 344 0.181 1.00
5.26 +46.3 -5.1 +0.8 +0.455 -0.049 84 285 344 0.179 1.00
5.29 +45.3 -4.7 +0.5 +0.457 -0.048 85 285 344 0.178 1.00
5.32 +44.5 -4.2 -0.0 +0.459 -0.047 86 285 344 0.178 1.00
5.35 +45.3 -5.1 +1.1 +0.460 -0.047 86 286 344 0.178 1.00
5.39 +46.2 -4.8 +1.0 +0.462 -0.048 86 286 344 0.178 1.00
5.42 +45.6 -4.5 +0.7 +0.463 -0.049 86 285 345 0.179 1.00
5.45 +45.8 -5.6 +0.8 +0.464 -0.049 86 285 344 0.179 1.00
5.49 +45.4 -5.3 +0.9 +0.464 -0.049 87 285 345 0.179 1.00
5.52 +45.9 -4.9 +1.1 +0.463 -0.049 86 285 344 0.179 1.00
5.55 +45.1 -5.1 +0.6 +0.462 -0.048 87 285 344 0.180 1.00
5.59 +45.2 -4.5 +0.1 +0.461 -0.048 86 285 343 0.180 1.00
5.62 +44.9 -5.1 +0.6 +0.459 -0.048 86 285 344 0.180 1.00
5.65 +44.3 -5.2 +1.3 +0.456 -0.047 86 285 344 0.179 1.00
5.68 +43.3 -5.3 +0.8 +0.453 -0.048 86 284 344 0.179 1.00
5.72 +42.1 -5.8 +0.1 +0.451 -0.047 86 283 343 0.179 1.00
5.75 +40.9 -5.5 +0.3 +0.449 -0.045 87 282 343 0.180 1.00
5.78 +40.6 -8.1 +0.8 +0.426 -0.039 85 284 346 0.180 1.00
5.82 +39.4 -7.8 -0.0 +0.379 -0.033 82 281 347 0.178 1.00
5.85 +32.4 -10.7 +1.5 +0.307 -0.031 85 275 346 0.178 1.00
5.89 +25.0 -8.3 +0.7 +0.216 -0.028 86 272 347 0.177 1.00
5.92 +16.8 -7.3 +0.0 +0.148 -0.024 88 270 347 0.178 1.00
5.95 +11.2 -4.8 -1.2 +0.081 -0.020 87 265 345 0.179 1.00
5.99 +5.2 -4.3 -2.3 +0.039 -0.016 85 264 345 0.180 1.00
6.02 +2.6 -3.5 -2.0 +0.013 -0.011 87 264 350 0.181 1.00
