v2 t yaw pitch roll pos_x pos_y w cx cy size score
0.02 +2.1 -4.1 -3.8 +0.000 +0.000 92 260 348 0.191 1.00
0.05 +2.0 -4.3 -3.9 -0.000 -0.000 91 259 348 0.191 1.00
0.09 +2.3 -4.2 -3.7 +0.000 -0.001 92 260 348 0.191 1.00
0.12 +2.0 -4.1 -3.7 -0.000 -0.001 92 260 347 0.191 1.00
0.15 +2.2 -4.0 -3.7 +0.000 -0.000 92 259 347 0.191 1.00
0.19 +1.8 -4.5 -3.7 +0.000 -0.001 92 260 348 0.191 1.00
0.22 +2.4 -3.9 -3.5 +0.000 -0.001 92 259 347 0.192 1.00
0.25 +1.9 -4.2 -3.7 +0.000 -0.001 92 260 347 0.192 1.00
0.29 +2.2 -3.9 -3.8 +0.000 -0.001 93 259 347 0.192 1.00
0.32 +1.8 -4.5 -4.4 +0.000 -0.001 86 259 348 0.192 1.00
0.36 +1.9 -4.4 -3.5 -0.000 -0.001 92 260 347 0.192 1.00
0.39 +2.5 -3.6 -3.5 -0.001 -0.001 91 259 347 0.191 1.00
0.42 +2.1 -3.7 -3.6 -0.000 -0.000 92 259 347 0.191 1.00
0.46 +2.2 -4.3 -3.5 -0.000 -0.000 92 259 348 0.191 1.00
0.49 +2.0 -4.4 -3.6 -0.000 -0.001 91 259 348 0.192 1.00
0.52 +1.7 -3.8 -4.4 +0.000 -0.000 86 259 349 0.191 1.00
0.55 +2.2 -4.2 -3.7 -0.000 -0.001 92 259 347 0.191 1.00
0.59 +2.2 -4.1 -3.7 -0.000 -0.001 92 259 347 0.191 1.00
0.62 +2.5 -4.6 -3.5 -0.001 -0.001 92 259 347 0.191 1.00
0.65 +2.0 -3.5 -3.7 -0.001 -0.002 92 259 347 0.191 1.00
0.69 +1.9 -3.8 -3.7 -0.001 -0.002 92 260 347 0.191 1.00
0.72 +1.9 -4.3 -3.6 -0.001 -0.002 92 259 347 0.192 1.00
0.76 +2.1 -4.3 -3.6 -0.001 -0.002 92 259 347 0.191 1.00
0.79 +1.8 -4.0 -3.8 -0.002 -0.002 92 259 347 0.192 1.00
0.83 +2.1 -4.0 -3.7 -0.001 -0.002 92 259 347 0.192 1.00
0.85 +2.1 -4.7 -3.7 -0.001 -0.002 92 259 347 0.192 1.00
0.89 +1.8 -4.0 -3.7 -0.001 -0.003 92 260 347 0.192 1.00
0.92 +1.9 -4.3 -4.7 -0.001 -0.003 86 259 349 0.191 1.00
0.95 +1.9 -4.5 -3.7 -0.001 -0.003 92 259 347 0.192 1.00
0.99 +1.5 -4.0 -3.7 -0.001 -0.002 92 260 347 0.192 1.00
1.02 +2.1 -3.5 -3.6 -0.001 -0.002 92 260 347 0.192 1.00
1.05 +1.7 -3.9 -3.7 -0.001 -0.003 92 260 347 0.192 1.00
1.09 +2.0 -4.2 -3.7 -0.001 -0.003 92 259 347 0.192 1.00
1.12 +1.8 -4.3 -3.6 -0.002 -0.003 91 260 347 0.192 1.00
1.15 +1.6 -4.3 -4.6 -0.002 -0.003 87 259 349 0.191 1.00
1.19 +2.2 -4.0 -3.6 -0.001 -0.003 92 260 347 0.191 1.00
1.22 +2.1 -4.6 -3.6 -0.001 -0.003 92 259 347 0.191 1.00
1.25 +2.3 -4.7 -3.6 -0.001 -0.003 92 259 347 0.192 1.00
1.29 +2.2 -4.6 -3.8 -0.001 -0.003 92 260 347 0.192 1.00
1.32 +2.4 -4.9 -3.6 -0.000 -0.003 93 259 347 0.192 1.00
1.35 +1.7 -4.4 -4.6 +0.000 -0.003 86 259 349 0.192 1.00
1.39 +2.0 -4.5 -4.5 +0.000 -0.004 86 259 349 0.187 1.00
1.42 +2.0 -4.9 -4.2 +0.001 -0.004 86 259 349 0.184 1.00
1.46 +1.7 -4.8 -3.6 +0.001 -0.004 91 260 346 0.182 1.00
1.49 +2.0 -4.6 -4.4 +0.002 -0.004 86 259 348 0.181 1.00
1.52 +2.0 -4.6 -4.1 +0.003 -0.004 86 259 349 0.181 1.00
1.55 +3.3 -4.2 -4.3 +0.006 -0.005 85 259 349 0.180 1.00
1.59 +4.5 -4.4 -4.4 +0.012 -0.007 85 260 348 0.179 1.00
1.62 +9.4 -3.0 -4.1 +0.032 -0.010 88 261 344 0.178 1.00
1.65 +11.0 -5.1 -3.3 +0.055 -0.014 87 262 346 0.180 1.00
1.69 +16.7 -7.3 -2.3 +0.096 -0.019 88 262 343 0.181 1.00
1.72 +21.8 -9.1 -1.4 +0.147 -0.025 86 266 345 0.181 1.00
1.75 +29.4 -10.5 -0.5 +0.237 -0.031 86 269 346 0.181 1.00
1.79 +37.6 -9.5 -1.1 +0.287 -0.034 83 274 345 0.180 1.00
1.82 +42.8 -7.4 -1.6 +0.355 -0.034 87 279 344 0.180 1.00
1.85 +43.7 -6.6 -1.7 +0.401 -0.031 87 283 346 0.180 1.00
1.89 +46.7 -6.5 -1.3 +0.405 -0.033 85 283 342 0.180 1.00
1.92 +46.1 -5.5 -1.0 +0.408 -0.033 85 284 343 0.179 1.00
1.95 +45.9 -5.9 -0.7 +0.409 -0.032 85 284 343 0.178 1.00
1.99 +44.9 -6.1 -0.4 +0.410 -0.032 85 284 343 0.178 1.00
2.02 +45.5 -6.1 -0.6 +0.410 -0.032 85 284 343 0.177 1.00
2.05 +45.6 -5.4 -0.5 +0.411 -0.032 85 284 343 0.177 1.00
2.09 +45.3 -4.8 -0.5 +0.412 -0.032 85 284 343 0.177 1.00
2.12 +44.3 -5.2 -0.9 +0.413 -0.032 85 284 343 0.177 1.00
2.15 +44.9 -5.6 -0.5 +0.414 -0.032 85 284 343 0.177 1.00
2.19 +44.7 -5.2 -0.5 +0.414 -0.032 85 284 343 0.177 1.00
2.22 +43.9 -5.5 -0.4 +0.413 -0.031 85 284 343 0.177 1.00
2.25 +43.7 -5.0 -0.5 +0.412 -0.031 85 284 343 0.177 1.00
2.29 +44.4 -5.0 -1.3 +0.411 -0.030 84 284 342 0.177 1.00
2.32 +43.3 -5.6 -0.5 +0.410 -0.028 86 283 344 0.177 1.00
2.35 +42.2 -6.2 -0.7 +0.407 -0.024 84 283 345 0.177 1.00
2.39 +40.6 -7.7 -0.9 +0.385 -0.021 84 282 344 0.176 1.00
2.42 +39.2 -8.5 -0.7 +0.340 -0.020 85 281 346 0.176 1.00
2.46 +34.7 -8.4 -0.5 +0.269 -0.019 84 274 346 0.176 1.00
2.49 +28.5 -8.1 -0.4 +0.222 -0.019 85 272 348 0.176 1.00
2.52 +21.4 -9.1 -0.2 +0.152 -0.019 86 269 346 0.177 1.00
2.55 +15.3 -7.5 -1.1 +0.106 -0.018 87 266 346 0.178 1.00
2.59 +12.1 -5.1 -2.9 +0.062 -0.018 88 264 344 0.179 1.00
2.62 +7.2 -5.1 -3.2 +0.040 -0.017 86 264 344 0.180 1.00
2.65 +6.4 -4.3 -2.9 +0.027 -0.016 88 262 344 0.181 1.00
2.69 +5.1 -3.5 -2.9 +0.022 -0.014 88 262 343 0.182 1.00
2.72 +5.2 -3.9 -3.0 +0.019 -0.014 88 261 344 0.182 1.00
2.75 +4.6 -3.6 -2.9 +0.017 -0.013 89 261 344 0.183 1.00
2.79 +4.7 -3.6 -3.2 +0.016 -0.012 89 261 344 0.184 1.00
2.82 +4.1 -4.1 -3.3 +0.014 -0.010 90 261 345 0.185 1.00
2.86 +4.4 -4.7 -3.3 +0.012 -0.008 91 261 345 0.186 1.00
2.89 +4.5 -3.6 -3.5 +0.011 -0.006 90 261 345 0.186 1.00
2.92 +3.9 -3.0 -3.8 +0.010 -0.004 91 260 345 0.188 1.00
2.95 +4.3 -3.2 -3.7 +0.009 -0.003 91 260 346 0.188 1.00
2.99 +2.7 -2.7 -4.2 +0.009 -0.001 85 260 348 0.189 1.00
3.02 +2.6 -3.6 -4.1 +0.007 -0.000 85 260 348 0.184 1.00
3.05 +2.8 -3.9 -4.1 +0.006 +0.000 86 260 348 0.182 1.00
3.09 +2.7 -3.8 -4.2 +0.005 -0.000 86 260 348 0.181 1.00
3.12 +2.8 -3.8 -4.3 +0.005 -0.002 85 260 348 0.180 1.00
3.15 +3.0 -3.3 -4.3 +0.005 -0.003 85 259 348 0.179 1.00
3.19 +2.7 -4.1 -4.3 +0.005 -0.003 85 260 348 0.178 1.00
3.22 +2.9 -3.3 -4.1 +0.005 -0.002 86 259 348 0.178 1.00
3.25 +3.0 -3.4 -4.3 +0.005 -0.001 85 260 348 0.178 1.00
3.29 +3.1 -2.9 -4.0 +0.006 +0.001 85 259 348 0.178 1.00
3.32 +2.6 -3.3 -4.4 +0.006 +0.002 85 260 348 0.178 1.00
3.35 +2.9 -2.9 -4.3 +0.006 +0.002 85 260 348 0.178 1.00
3.39 +3.2 -2.8 -4.3 +0.006 +0.002 85 260 349 0.178 1.00
3.42 +4.1 -3.7 -3.7 +0.006 +0.001 91 259 346 0.178 1.00
3.46 +4.5 -3.6 -3.8 +0.006 -0.000 90 259 346 0.182 1.00
3.49 +4.3 -3.5 -3.7 +0.006 -0.001 91 259 347 0.185 1.00
3.52 +4.7 -3.8 -3.8 +0.007 -0.001 91 259 346 0.186 1.00
3.55 +3.4 -3.6 -4.1 +0.006 -0.000 85 259 349 0.187 1.00
3.59 +2.9 -3.4 -4.0 +0.006 +0.001 86 259 348 0.184 1.00
3.62 +4.5 -3.7 -3.6 +0.006 +0.000 91 259 347 0.182 1.00
3.65 +4.3 -3.8 -3.6 +0.006 -0.000 92 259 347 0.185 1.00
3.69 +4.2 -3.8 -3.9 +0.006 -0.001 91 260 346 0.187 1.00
3.72 +3.2 -3.9 -4.0 +0.006 -0.002 85 259 349 0.188 1.00
3.75 +2.9 -4.3 -4.0 +0.006 -0.003 85 259 349 0.184 1.00
3.79 +4.3 -4.0 -3.8 +0.006 -0.003 91 259 346 0.181 1.00
3.82 +3.5 -3.9 -3.9 +0.006 -0.003 85 260 348 0.179 1.00
3.85 +4.2 -4.2 -3.5 +0.006 -0.002 91 259 346 0.183 1.00
3.89 +3.8 -3.7 -4.0 +0.007 -0.002 85 259 348 0.181 1.00
3.92 +5.3 -3.4 -3.4 +0.010 -0.003 88 260 346 0.182 1.00
3.95 +7.7 -2.7 -3.5 +0.015 -0.005 87 261 347 0.181 1.00
3.99 +11.5 -4.4 -2.6 +0.037 -0.008 88 262 345 0.182 1.00
4.02 +17.8 -5.2 -1.6 +0.081 -0.013 88 263 344 0.182 1.00
4.05 +23.4 -8.5 -0.2 +0.130 -0.019 86 266 346 0.182 1.00
4.09 +32.0 -6.9 -0.3 +0.222 -0.025 86 270 348 0.181 1.00
4.12 +37.5 -9.0 +0.1 +0.293 -0.030 85 275 345 0.181 1.00
4.15 +41.9 -7.2 -1.7 +0.358 -0.033 88 280 344 0.180 1.00
4.19 +42.8 -5.4 -1.6 +0.404 -0.034 87 283 346 0.181 1.00
4.22 +47.1 -5.5 -1.6 +0.407 -0.034 86 283 343 0.181 1.00
4.25 +47.2 -5.5 -0.9 +0.411 -0.033 85 284 343 0.180 1.00
4.29 +47.3 -4.3 -2.4 +0.413 -0.032 86 283 343 0.180 1.00
4.32 +47.7 -3.9 -1.9 +0.413 -0.031 86 283 344 0.179 1.00
4.35 +47.5 -4.0 -1.2 +0.414 -0.032 86 284 344 0.179 1.00
4.39 +47.0 -3.6 -0.9 +0.415 -0.032 86 284 344 0.179 1.00
4.42 +46.6 -4.3 -1.0 +0.416 -0.033 87 284 344 0.179 1.00
4.46 +46.0 -4.1 -1.1 +0.417 -0.034 85 284 344 0.179 1.00
4.49 +47.1 -4.1 -0.8 +0.417 -0.034 87 284 344 0.180 1.00
4.52 +46.8 -4.7 -0.6 +0.416 -0.034 85 284 344 0.179 1.00
4.55 +47.6 -4.0 -1.2 +0.416 -0.034 86 283 343 0.179 1.00
4.59 +47.5 -3.3 -1.7 +0.415 -0.033 87 283 342 0.180 1.00
4.62 +47.5 -3.3 -1.4 +0.414 -0.033 86 283 343 0.180 1.00
4.65 +46.0 -5.1 -0.2 +0.413 -0.032 85 284 345 0.179 1.00
4.69 +45.7 -4.3 -1.5 +0.411 -0.030 85 283 343 0.179 1.00
4.72 +43.0 -5.1 -0.8 +0.408 -0.027 86 283 345 0.179 1.00
4.75 +41.9 -6.6 -1.6 +0.387 -0.020 86 280 346 0.179 1.00
4.79 +39.6 -6.2 -0.9 +0.341 -0.015 85 280 348 0.179 1.00
4.82 +34.4 -7.4 -0.5 +0.270 -0.013 84 277 347 0.178 1.00
4.85 +28.8 -8.1 -0.2 +0.200 -0.013 85 273 348 0.178 1.00
4.89 +21.6 -7.6 -0.2 +0.130 -0.011 87 269 347 0.178 1.00
4.92 +16.0 -5.6 -1.3 +0.106 -0.009 87 267 347 0.179 1.00
4.96 +10.9 -4.1 -2.7 +0.061 -0.007 89 264 348 0.180 1.00
4.99 +7.3 -1.9 -3.4 +0.036 -0.005 86 264 347 0.180 1.00
5.02 +3.7 -3.6 -2.8 +0.015 -0.003 85 262 348 0.180 1.00
5.05 +3.6 -1.8 -3.2 -0.002 -0.002 91 261 345 0.180 1.00
5.09 +3.2 -2.9 -3.0 -0.009 +0.000 92 259 347 0.184 1.00
5.12 +1.5 -3.7 -3.6 -0.014 +0.002 85 259 349 0.187 1.00
5.15 +1.3 -2.3 -3.0 -0.016 +0.002 91 260 348 0.188 1.00
5.19 +1.5 -1.5 -3.1 -0.018 +0.002 92 260 348 0.189 1.00
5.22 +1.2 -1.5 -3.2 -0.020 +0.003 92 260 348 0.190 1.00
5.25 +1.3 -1.1 -3.4 -0.021 +0.003 92 259 349 0.191 1.00
5.29 +0.7 -2.2 -3.7 -0.023 +0.004 92 259 349 0.191 1.00
5.32 +0.3 -3.2 -4.5 -0.024 +0.004 85 258 349 0.191 1.00
5.35 +0.2 -3.6 -4.5 -0.025 +0.004 85 258 349 0.186 1.00
5.39 +0.0 -3.1 -4.8 -0.025 +0.004 85 257 349 0.183 1.00
5.42 -0.1 -1.2 -3.9 -0.026 +0.004 92 259 349 0.181 1.00
5.46 -0.1 -3.4 -5.1 -0.026 +0.004 85 257 349 0.179 1.00
5.49 +0.3 -2.9 -4.9 -0.026 +0.004 85 258 349 0.179 1.00
5.52 +0.3 -3.1 -4.9 -0.027 +0.004 86 257 349 0.178 1.00
5.55 +0.8 -3.6 -4.7 -0.027 +0.005 85 257 350 0.178 1.00
5.59 +0.3 -2.3 -4.6 -0.027 +0.005 85 258 350 0.178 1.00
5.62 +1.0 -1.9 -4.7 -0.026 +0.006 85 258 350 0.177 1.00
5.65 +0.8 -2.6 -4.5 -0.025 +0.006 85 258 350 0.177 1.00
5.69 +0.9 -2.5 -4.6 -0.024 +0.006 85 258 350 0.177 1.00
5.72 +1.1 -1.5 -4.4 -0.023 +0.006 85 258 350 0.177 1.00
5.75 +1.0 -3.2 -4.6 -0.022 +0.005 85 258 350 0.177 1.00
5.79 +1.3 -2.0 -4.4 -0.022 +0.003 86 258 350 0.177 1.00
5.82 +1.4 -2.2 -4.5 -0.022 +0.003 85 258 350 0.177 1.00
5.85 +1.4 -2.3 -4.5 -0.021 +0.002 86 258 350 0.178 1.00
5.89 +1.1 -2.6 -4.6 -0.021 +0.002 85 258 350 0.178 1.00
5.92 +1.3 -3.0 -4.6 -0.021 +0.002 86 258 349 0.178 1.00
5.95 +1.5 -2.7 -4.5 -0.021 +0.003 86 258 349 0.178 1.00
5.99 +1.0 -3.5 -4.3 -0.020 +0.002 85 258 349 0.178 1.00
6.02 +1.4 -3.3 -4.4 -0.020 +0.001 86 258 349 0.178 1.00
