v2 t yaw pitch roll pos_x pos_y w cx cy size score
0.02 +3.1 -5.0 -2.5 +0.000 +0.000 91 258 348 0.188 1.00
0.05 +2.9 -4.2 -2.5 +0.000 -0.000 90 259 349 0.188 1.00
0.09 +3.1 -5.0 -2.4 +0.000 +0.000 90 259 348 0.188 1.00
0.12 +2.8 -4.6 -2.3 +0.000 +0.001 90 259 349 0.188 1.00
0.16 +2.6 -4.4 -2.4 +0.000 +0.001 91 259 349 0.188 1.00
0.20 +2.9 -4.8 -2.4 +0.000 +0.001 91 259 348 0.188 1.00
0.23 +3.2 -4.2 -2.4 +0.000 +0.000 90 259 348 0.188 1.00
0.25 +3.1 -4.6 -2.5 -0.000 +0.000 90 259 348 0.188 1.00
0.29 +2.8 -4.5 -2.4 -0.000 +0.001 91 259 348 0.188 1.00
0.32 +2.7 -4.8 -2.4 +0.000 +0.001 90 259 348 0.188 1.00
0.36 +3.1 -3.7 -2.5 +0.001 +0.001 90 258 348 0.188 1.00
0.39 +2.8 -4.2 -2.5 +0.001 +0.001 90 259 349 0.188 1.00
0.43 +3.3 -4.3 -2.5 +0.001 +0.000 90 259 348 0.188 1.00
0.46 +2.9 -4.3 -2.3 +0.001 +0.000 90 259 348 0.188 1.00
0.49 +2.9 -4.8 -2.4 +0.001 -0.000 91 259 349 0.188 1.00
0.52 +3.2 -4.6 -2.4 +0.001 -0.001 90 258 348 0.188 1.00
0.56 +3.2 -4.9 -2.4 +0.001 -0.001 90 259 348 0.188 1.00
0.59 +2.9 -4.8 -2.5 +0.001 -0.001 91 258 348 0.188 1.00
0.62 +3.1 -4.8 -2.6 +0.000 -0.002 90 259 348 0.188 1.00
0.66 +3.1 -4.8 -2.3 -0.000 -0.002 91 258 348 0.189 1.00
0.69 +2.9 -4.7 -2.5 -0.000 -0.002 90 258 348 0.188 1.00
0.72 +3.1 -5.3 -2.5 -0.000 -0.003 91 258 348 0.189 1.00
0.76 +3.2 -5.3 -2.5 +0.001 -0.003 91 258 348 0.189 1.00
0.79 +3.4 -5.0 -2.4 +0.001 -0.003 91 258 348 0.189 1.00
0.83 +3.1 -5.5 -2.3 +0.002 -0.003 91 259 348 0.189 1.00
0.85 +3.0 -4.9 -2.3 +0.003 -0.003 90 259 348 0.189 1.00
0.89 +2.9 -4.6 -2.4 +0.003 -0.003 90 259 348 0.188 1.00
0.93 +3.3 -4.4 -2.3 +0.002 -0.004 90 259 348 0.188 1.00
0.95 +2.9 -5.4 -2.3 +0.002 -0.005 91 258 347 0.188 1.00
0.98 +2.8 -5.5 -2.5 -0.000 -0.006 91 258 347 0.188 1.00
1.02 +3.0 -5.5 -2.4 -0.002 -0.007 91 258 347 0.189 1.00
1.05 +2.6 -5.5 -2.5 -0.004 -0.007 91 258 347 0.189 1.00
1.09 +2.5 -5.0 -2.6 -0.005 -0.007 91 258 347 0.189 1.00
1.12 +2.7 -4.3 -2.6 -0.004 -0.004 91 258 347 0.190 1.00
1.15 +3.2 -2.5 -3.0 -0.003 +0.001 86 257 348 0.190 1.00
1.19 +2.5 -1.3 -3.0 -0.000 +0.009 86 257 348 0.186 1.00
1.22 +2.5 +1.3 -3.3 +0.003 +0.016 86 257 349 0.183 1.00
1.26 +3.6 +2.3 -3.1 +0.005 +0.021 87 257 349 0.181 1.00
1.28 +3.0 +2.3 -3.3 +0.006 +0.024 87 258 349 0.181 1.00
1.32 +3.2 +2.1 -3.3 +0.008 +0.025 88 258 349 0.181 1.00
1.35 +2.7 +3.2 -3.2 +0.009 +0.023 88 258 348 0.182 1.00
1.38 +3.2 +5.5 -3.8 +0.009 +0.020 90 258 347 0.183 1.00
1.42 +2.7 +6.0 -3.7 +0.010 +0.018 88 257 345 0.183 1.00
1.45 +1.6 +6.6 -3.5 +0.012 +0.016 90 258 344 0.185 1.00
1.48 +2.0 +6.9 -3.4 +0.013 +0.015 90 258 343 0.186 1.00
1.52 +2.1 +7.3 -3.2 +0.014 +0.016 91 258 343 0.187 1.00
1.56 +3.1 +9.2 -3.1 +0.015 +0.023 92 259 344 0.188 1.00
1.59 +2.7 +9.4 -2.9 +0.017 +0.030 93 258 344 0.190 1.00
1.62 +2.8 +10.2 -3.3 +0.018 +0.034 94 259 344 0.191 1.00
1.66 +3.0 +10.4 -3.1 +0.019 +0.035 95 259 345 0.193 1.00
1.68 +3.0 +10.7 -3.3 +0.019 +0.037 95 260 345 0.195 1.00
1.72 +3.0 +11.9 -3.4 +0.020 +0.040 95 260 345 0.196 1.00
1.75 +2.7 +11.9 -3.4 +0.020 +0.043 95 260 345 0.197 1.00
1.78 +2.9 +11.7 -3.2 +0.021 +0.044 95 260 347 0.198 1.00
1.82 +2.9 +11.8 -3.1 +0.021 +0.044 96 260 346 0.198 1.00
1.85 +2.5 +11.8 -3.3 +0.022 +0.042 96 260 346 0.199 1.00
1.88 +2.7 +11.3 -2.9 +0.022 +0.042 95 260 347 0.199 1.00
1.92 +2.9 +11.3 -2.9 +0.023 +0.042 95 261 346 0.198 1.00
1.95 +2.9 +11.2 -3.0 +0.024 +0.041 94 261 346 0.198 1.00
1.98 +2.4 +10.4 -3.0 +0.024 +0.040 94 261 346 0.197 1.00
2.02 +2.7 +10.5 -2.9 +0.025 +0.041 94 261 346 0.197 1.00
2.05 +2.3 +9.9 -2.8 +0.025 +0.039 94 261 346 0.197 1.00
2.08 +2.3 +9.8 -2.8 +0.024 +0.032 93 261 345 0.196 1.00
2.12 +1.5 +7.2 -2.3 +0.024 +0.023 92 261 344 0.195 1.00
2.15 +0.7 +5.5 -2.7 +0.023 +0.010 91 260 343 0.194 1.00
2.19 +0.8 +3.7 -2.8 +0.023 -0.004 90 260 342 0.192 1.00
2.23 +2.5 +1.8 -2.8 +0.023 -0.019 90 259 342 0.191 1.00
2.26 +2.8 +0.0 -3.1 +0.023 -0.031 90 259 341 0.190 1.00
2.29 +2.8 -0.7 -3.2 +0.023 -0.037 90 259 341 0.189 1.00
2.32 +1.9 -2.6 -3.2 +0.022 -0.040 89 259 341 0.188 1.00
2.35 +2.4 -3.3 -3.2 +0.020 -0.043 88 259 340 0.188 1.00
2.39 +2.1 -4.4 -3.1 +0.018 -0.047 88 259 340 0.186 1.00
2.42 +2.4 -6.1 -3.1 +0.016 -0.051 88 259 341 0.185 1.00
2.45 +2.1 -7.1 -3.2 +0.013 -0.055 88 259 341 0.185 1.00
2.49 +2.0 -8.1 -3.0 +0.009 -0.058 89 259 341 0.184 1.00
2.52 +1.5 -8.7 -2.8 +0.001 -0.061 89 258 340 0.184 1.00
2.56 +2.2 -7.6 -3.5 -0.008 -0.061 89 257 342 0.185 1.00
2.59 +2.7 -7.2 -3.7 -0.016 -0.056 89 256 343 0.185 1.00
2.62 +1.9 -8.8 -3.5 -0.021 -0.046 90 256 343 0.185 1.00
2.65 +2.3 -6.1 -3.7 -0.023 -0.034 88 256 342 0.185 1.00
2.68 +2.1 -6.3 -4.5 -0.024 -0.024 89 256 346 0.186 1.00
2.72 +2.0 -6.2 -4.6 -0.022 -0.019 88 256 347 0.185 1.00
2.75 +2.2 -6.0 -4.6 -0.018 -0.018 87 257 347 0.185 1.00
2.78 +2.2 -6.3 -4.1 -0.011 -0.019 88 257 347 0.184 1.00
2.82 +2.4 -7.0 -3.8 -0.002 -0.020 88 259 347 0.184 1.00
2.85 +2.8 -7.0 -3.7 +0.005 -0.020 87 259 347 0.183 1.00
2.88 +2.9 -6.1 -3.3 +0.011 -0.017 87 260 348 0.183 1.00
2.92 +2.9 -5.2 -3.4 +0.014 -0.013 86 260 348 0.182 1.00
2.95 +2.9 -5.5 -3.3 +0.016 -0.008 86 260 348 0.181 1.00
2.98 +2.5 -6.6 -2.7 +0.017 -0.004 92 260 346 0.181 1.00
3.02 +3.1 -6.0 -2.8 +0.018 -0.002 92 260 346 0.185 1.00
3.05 +3.0 -5.0 -3.3 +0.019 -0.003 86 261 348 0.187 1.00
3.08 +2.8 -5.5 -3.3 +0.018 -0.006 86 261 348 0.184 1.00
3.12 +2.7 -6.0 -3.4 +0.018 -0.011 86 261 348 0.182 1.00
3.15 +2.9 -5.1 -3.3 +0.018 -0.013 86 261 348 0.181 1.00
3.18 +2.9 -5.3 -3.4 +0.018 -0.014 86 261 347 0.181 1.00
3.22 +3.3 -5.0 -3.4 +0.019 -0.012 87 261 347 0.181 1.00
3.25 +2.9 -4.8 -3.2 +0.019 -0.012 87 261 347 0.181 1.00
3.28 +2.7 -5.3 -3.1 +0.019 -0.010 86 261 347 0.181 1.00
3.32 +2.8 -5.0 -3.1 +0.019 -0.010 86 261 347 0.180 1.00
3.35 +3.2 -4.5 -3.3 +0.018 -0.010 86 261 347 0.180 1.00
3.38 +2.6 -4.6 -3.7 +0.018 -0.010 86 261 348 0.180 1.00
3.42 +2.6 -4.9 -3.6 +0.018 -0.011 86 260 348 0.180 1.00
3.45 +2.9 -4.7 -3.5 +0.017 -0.011 87 260 347 0.180 1.00
3.48 +2.9 -4.4 -3.6 +0.017 -0.011 87 260 347 0.180 1.00
3.52 +2.9 -4.3 -3.6 +0.016 -0.012 86 260 347 0.180 1.00
3.55 +2.8 -4.2 -3.6 +0.015 -0.012 87 260 347 0.180 1.00
3.58 +2.8 -4.3 -3.6 +0.015 -0.012 86 260 347 0.180 1.00
3.62 +2.9 -4.2 -3.7 +0.015 -0.012 87 260 347 0.180 1.00
3.65 +2.8 -4.3 -3.5 +0.015 -0.012 87 260 348 0.180 1.00
3.68 +2.8 -4.7 -3.2 +0.016 -0.014 87 260 346 0.181 1.00
3.72 +2.7 -4.8 -3.1 +0.016 -0.015 87 260 346 0.181 1.00
3.75 +3.0 -4.3 -3.4 +0.016 -0.017 87 261 346 0.181 1.00
3.79 +3.2 -4.3 -3.2 +0.016 -0.018 88 261 346 0.181 1.00
3.82 +2.9 -5.1 -2.9 +0.017 -0.019 88 260 346 0.182 1.00
3.85 +3.0 -3.9 -3.0 +0.017 -0.020 88 261 346 0.182 1.00
3.88 +3.1 -4.2 -2.6 +0.017 -0.020 89 260 345 0.183 1.00
3.92 +3.0 -3.4 -3.0 +0.017 -0.020 88 259 343 0.183 1.00
3.95 +2.5 -2.1 -3.5 +0.018 -0.016 88 259 342 0.183 1.00
3.98 +1.8 -0.1 -3.4 +0.019 -0.009 87 259 342 0.183 1.00
4.02 +3.1 -0.7 -3.0 +0.020 +0.000 88 261 345 0.183 1.00
4.05 +2.6 +3.0 -3.2 +0.021 +0.010 88 260 344 0.183 1.00
4.08 +1.6 +4.9 -2.6 +0.023 +0.021 89 261 343 0.183 1.00
4.12 +3.6 +4.9 -2.4 +0.024 +0.031 90 261 347 0.184 1.00
4.15 +2.8 +6.9 -2.5 +0.024 +0.038 91 261 346 0.185 1.00
4.18 +3.4 +7.4 -2.4 +0.024 +0.043 91 261 349 0.187 1.00
4.22 +3.4 +7.2 -2.4 +0.022 +0.047 92 261 350 0.188 1.00
4.25 +3.7 +8.0 -2.4 +0.021 +0.050 92 261 349 0.190 1.00
4.29 +2.9 +8.9 -2.5 +0.019 +0.053 93 261 351 0.191 1.00
4.32 +2.7 +8.6 -2.6 +0.018 +0.057 93 260 351 0.192 1.00
4.36 +2.6 +8.7 -2.8 +0.017 +0.061 96 263 350 0.193 1.00
4.39 +2.7 +9.3 -2.4 +0.017 +0.065 93 261 352 0.194 1.00
4.42 +3.1 +9.4 -2.3 +0.018 +0.068 97 263 351 0.196 1.00
4.45 +2.7 +9.8 -2.3 +0.018 +0.071 94 262 352 0.196 1.00
4.48 +2.6 +9.0 -2.2 +0.019 +0.074 94 262 353 0.196 1.00
4.52 +3.0 +10.6 -2.2 +0.019 +0.075 97 264 351 0.197 1.00
4.55 +2.9 +10.1 -2.2 +0.019 +0.075 94 262 353 0.197 1.00
4.58 +2.7 +10.8 -2.2 +0.019 +0.076 97 264 351 0.199 1.00
4.62 +2.8 +9.5 -1.7 +0.020 +0.076 95 262 352 0.198 1.00
4.65 +2.9 +10.0 -1.9 +0.020 +0.077 94 262 352 0.198 1.00
4.68 +3.3 +10.6 -1.9 +0.020 +0.078 95 262 352 0.198 1.00
4.72 +2.8 +9.8 -1.7 +0.019 +0.078 95 262 352 0.197 1.00
4.75 +2.6 +9.9 -1.8 +0.018 +0.077 95 262 352 0.197 1.00
4.78 +2.8 +10.3 -2.1 +0.017 +0.077 98 263 351 0.197 1.00
4.82 +2.5 +10.6 -2.3 +0.016 +0.076 98 263 351 0.200 1.00
4.85 +2.5 +9.1 -1.7 +0.015 +0.075 95 261 352 0.201 1.00
4.88 +2.7 +8.9 -1.8 +0.015 +0.074 94 261 352 0.200 1.00
4.92 +2.5 +9.1 -2.0 +0.014 +0.072 93 261 353 0.199 1.00
4.95 +2.8 +8.7 -1.9 +0.013 +0.071 96 263 352 0.198 1.00
4.98 +2.7 +6.9 -2.1 +0.010 +0.071 96 262 352 0.198 1.00
5.02 +2.6 +7.7 -2.2 +0.007 +0.070 91 258 352 0.199 1.00
5.05 +2.6 +6.0 -2.2 +0.004 +0.066 94 260 350 0.198 1.00
5.08 +2.6 +5.0 -2.5 +0.001 +0.058 91 257 351 0.195 1.00
5.12 +2.5 +1.5 -2.7 -0.000 +0.048 93 259 350 0.194 1.00
5.15 +2.1 +0.8 -2.6 -0.002 +0.039 91 259 349 0.192 1.00
5.18 +2.6 -0.5 -2.5 -0.003 +0.031 91 259 349 0.191 1.00
5.22 +2.5 +0.0 -2.9 -0.004 +0.023 87 256 349 0.191 1.00
5.25 +2.2 -2.6 -2.9 -0.003 +0.016 87 257 349 0.187 1.00
5.28 +2.3 -3.5 -3.3 -0.003 +0.010 86 258 349 0.184 1.00
5.32 +2.6 -4.4 -3.3 -0.001 +0.005 86 258 349 0.183 1.00
5.35 +1.9 -4.9 -2.6 -0.000 -0.000 92 259 348 0.182 1.00
5.38 +1.8 -6.4 -2.9 +0.002 -0.005 92 259 347 0.185 1.00
5.42 +2.3 -7.5 -2.8 +0.004 -0.008 91 259 346 0.188 1.00
5.45 +2.2 -7.7 -2.6 +0.007 -0.011 91 259 345 0.188 1.00
5.48 +2.3 -8.2 -2.8 +0.009 -0.014 90 260 345 0.189 1.00
5.52 +2.5 -8.0 -2.8 +0.013 -0.016 90 261 346 0.188 1.00
5.55 +2.2 -9.2 -3.4 +0.016 -0.015 90 261 346 0.188 1.00
5.58 +2.8 -8.3 -2.8 +0.018 -0.012 90 262 346 0.188 1.00
5.62 +2.2 -7.6 -2.9 +0.021 -0.010 92 260 346 0.188 1.00
5.65 +2.3 -8.1 -2.7 +0.023 -0.010 91 261 346 0.189 1.00
5.68 +2.3 -8.7 -3.0 +0.023 -0.013 90 261 345 0.189 1.00
5.72 +2.4 -7.4 -3.8 +0.023 -0.017 85 261 347 0.189 1.00
5.75 +3.0 -9.8 -3.3 +0.022 -0.020 90 260 345 0.188 1.00
5.78 +3.0 -8.0 -3.8 +0.021 -0.021 89 262 346 0.187 1.00
5.82 +2.6 -8.9 -3.6 +0.020 -0.019 89 262 345 0.187 1.00
5.85 +2.8 -8.4 -3.6 +0.019 -0.016 90 262 345 0.187 1.00
5.88 +2.1 -8.9 -3.3 +0.019 -0.014 91 260 346 0.187 1.00
5.92 +3.3 -8.4 -3.3 +0.020 -0.012 90 262 346 0.187 1.00
5.95 +2.7 -8.3 -2.8 +0.020 -0.012 92 260 345 0.188 1.00
5.98 +3.1 -6.8 -3.4 +0.021 -0.012 85 261 348 0.188 1.00
6.02 +2.7 -6.9 -3.5 +0.022 -0.013 85 261 348 0.184 1.00
6.05 +2.8 -8.1 -2.5 +0.021 -0.013 92 261 345 0.181 1.00
6.08 +2.7 -7.9 -2.6 +0.021 -0.011 91 261 345 0.185 1.00
6.12 +2.4 -7.4 -2.7 +0.020 -0.010 92 260 346 0.187 1.00
6.15 +2.2 -5.9 -3.2 +0.019 -0.009 86 260 348 0.188 1.00
6.18 +2.5 -5.8 -3.2 +0.017 -0.010 85 260 348 0.184 1.00
6.22 +2.6 -6.4 -3.3 +0.016 -0.011 85 260 348 0.182 1.00
6.25 +2.8 -8.3 -2.8 +0.016 -0.012 91 261 346 0.180 1.00
6.28 +2.7 -8.0 -2.9 +0.015 -0.012 91 261 345 0.184 1.00
6.32 +3.1 -8.2 -2.7 +0.015 -0.011 91 261 346 0.186 1.00
6.35 +2.9 -7.8 -2.8 +0.015 -0.010 91 261 346 0.187 1.00
6.39 +2.8 -6.0 -3.5 +0.015 -0.008 86 260 348 0.188 1.00
6.42 +2.3 -6.0 -3.5 +0.015 -0.006 86 259 348 0.185 1.00
6.45 +3.2 -6.0 -2.9 +0.015 -0.005 93 260 348 0.182 1.00
6.48 +3.1 -5.4 -3.6 +0.014 -0.005 86 260 348 0.181 1.00
6.52 +2.6 -5.9 -3.5 +0.013 -0.005 86 259 348 0.181 1.00
6.55 +2.9 -5.4 -3.4 +0.013 -0.005 86 260 348 0.180 1.00
6.58 +2.8 -5.4 -3.4 +0.012 -0.006 86 259 348 0.180 1.00
6.62 +3.0 -5.4 -3.5 +0.012 -0.006 86 259 348 0.180 1.00
6.65 +3.1 -5.5 -3.2 +0.012 -0.005 86 259 348 0.180 1.00
6.68 +3.1 -5.1 -2.7 +0.013 -0.004 92 259 348 0.180 1.00
6.72 +2.9 -5.8 -3.6 +0.012 -0.003 87 259 348 0.180 1.00
6.75 +3.0 -5.8 -3.3 +0.012 -0.001 87 259 348 0.180 1.00
6.78 +2.4 -7.2 -3.5 +0.013 +0.001 86 259 348 0.180 1.00
6.82 +2.4 -6.8 -3.5 +0.012 +0.001 86 259 348 0.180 1.00
6.85 +2.7 -6.3 -3.2 +0.012 -0.001 86 259 348 0.180 1.00
6.88 +2.9 -5.8 -3.1 +0.013 -0.002 87 259 348 0.180 1.00
6.92 +2.9 -6.1 -3.3 +0.013 -0.002 87 259 348 0.180 1.00
6.95 +2.9 -6.3 -3.2 +0.013 -0.002 86 260 349 0.180 1.00
6.98 +2.6 -6.4 -3.3 +0.013 -0.002 86 260 348 0.180 1.00
7.02 +3.0 -5.9 -3.5 +0.013 -0.002 86 259 349 0.180 1.00
7.05 +2.6 -6.2 -3.4 +0.013 -0.002 86 260 348 0.180 1.00
7.08 +3.1 -6.0 -3.5 +0.013 -0.003 86 260 349 0.180 1.00
7.12 +3.0 -5.9 -3.5 +0.012 -0.003 87 259 349 0.180 1.00
7.15 +2.8 -5.7 -3.4 +0.012 -0.002 87 259 349 0.180 1.00
7.18 +2.6 -6.2 -3.5 +0.011 -0.001 86 260 349 0.180 1.00
7.22 +2.9 -5.6 -3.5 +0.010 -0.000 86 259 349 0.180 1.00
7.25 +2.6 -5.8 -3.4 +0.010 +0.001 86 259 349 0.180 1.00
7.28 +2.5 -5.7 -3.6 +0.009 +0.001 87 259 349 0.180 1.00
7.32 +2.4 -5.8 -3.6 +0.009 +0.001 87 259 348 0.180 1.00
7.35 +2.3 -5.7 -3.7 +0.009 +0.001 87 259 349 0.181 1.00
7.38 +2.3 -5.5 -3.4 +0.009 +0.002 87 259 348 0.180 1.00
7.42 +2.4 -5.6 -3.5 +0.010 +0.003 87 259 348 0.180 1.00
7.46 +2.3 -5.7 -3.7 +0.010 +0.003 87 259 349 0.180 1.00
7.48 +1.8 -5.8 -3.1 +0.010 +0.004 87 259 348 0.181 1.00
7.52 +2.0 -5.8 -3.6 +0.010 +0.005 87 259 348 0.181 1.00
7.55 +2.0 -5.2 -3.4 +0.010 +0.005 87 259 349 0.181 1.00
7.58 +2.4 -5.4 -3.4 +0.010 +0.006 87 259 349 0.181 1.00
7.62 +2.3 -5.5 -3.6 +0.010 +0.005 87 259 348 0.181 1.00
7.65 +2.2 -5.4 -3.6 +0.010 +0.004 87 259 348 0.181 1.00
7.68 +2.4 -5.2 -3.7 +0.010 +0.003 86 259 349 0.181 1.00
7.72 +2.1 -5.6 -3.6 +0.011 +0.003 86 259 348 0.180 1.00
7.75 +1.9 -6.2 -3.6 +0.011 +0.003 87 259 348 0.180 1.00
7.78 +2.2 -5.5 -3.6 +0.010 +0.003 87 259 348 0.180 1.00
7.82 +2.3 -5.3 -3.7 +0.010 +0.003 86 259 348 0.181 1.00
7.85 +2.1 -5.5 -3.8 +0.009 +0.002 86 259 349 0.180 1.00
7.88 +2.6 -5.0 -3.7 +0.009 +0.002 87 259 349 0.180 1.00
7.92 +2.0 -5.5 -3.7 +0.008 +0.002 87 259 349 0.180 1.00
7.95 +2.2 -5.3 -3.8 +0.008 +0.003 86 259 349 0.180 1.00
7.98 +2.1 -5.5 -4.0 +0.007 +0.003 87 258 349 0.180 1.00
8.02 +1.7 -5.1 -3.7 +0.007 +0.004 87 258 349 0.180 1.00
