v2 t yaw pitch roll pos_x pos_y w cx cy size score
0.02 +2.0 -1.3 -4.0 +0.000 +0.000 87 257 349 0.179 1.00
0.05 +1.7 -2.2 -4.3 -0.000 -0.000 86 257 350 0.179 1.00
0.08 +1.9 -1.7 -4.2 -0.000 -0.000 86 257 350 0.179 1.00
0.12 +2.1 -1.4 -4.3 -0.001 +0.000 86 257 350 0.179 1.00
0.15 +1.9 -2.1 -4.2 -0.001 +0.000 86 257 350 0.179 1.00
0.18 +1.9 -1.3 -4.4 -0.001 +0.000 86 257 350 0.179 1.00
0.22 +2.0 -2.0 -4.2 -0.001 +0.000 86 257 350 0.179 1.00
0.25 +1.6 -2.4 -4.1 -0.001 +0.000 86 257 350 0.179 1.00
0.28 +1.7 -2.0 -4.3 -0.001 +0.000 86 257 350 0.179 1.00
0.32 +1.9 -2.1 -4.2 -0.001 -0.000 86 257 350 0.179 1.00
0.35 +1.8 -2.5 -4.1 -0.001 -0.001 86 257 350 0.179 1.00
0.38 +1.4 -1.8 -4.3 -0.001 -0.001 86 257 350 0.179 1.00
0.42 +2.0 -2.0 -4.2 -0.000 -0.001 86 257 350 0.179 1.00
0.45 +1.8 -2.1 -4.1 -0.000 -0.002 86 257 350 0.179 1.00
0.48 +1.9 -1.9 -4.3 -0.001 -0.002 86 257 350 0.179 1.00
0.52 +1.9 -1.3 -4.3 -0.001 -0.002 86 257 349 0.179 1.00
0.55 +2.0 -1.8 -4.2 -0.000 -0.001 86 257 349 0.179 1.00
0.58 +1.6 -2.7 -4.2 -0.000 -0.001 86 257 350 0.179 1.00
0.62 +2.0 -1.9 -4.2 +0.000 -0.002 86 257 350 0.179 1.00
0.65 +1.4 -2.0 -4.2 +0.001 -0.004 86 257 350 0.179 1.00
0.68 +1.0 -1.7 -4.1 +0.002 -0.009 86 258 350 0.179 1.00
0.72 +1.7 -2.3 -4.1 +0.002 -0.016 87 258 349 0.180 1.00
0.75 +2.0 -2.5 -4.0 +0.002 -0.024 88 258 348 0.180 1.00
0.78 +2.6 -1.7 -3.7 +0.002 -0.032 89 257 346 0.182 1.00
0.82 +2.1 -1.4 -3.7 +0.001 -0.041 88 257 346 0.183 1.00
0.85 +2.0 -1.0 -3.2 +0.000 -0.050 89 256 342 0.184 1.00
0.88 +1.7 -0.4 -3.5 -0.001 -0.059 89 256 341 0.184 1.00
0.92 +2.0 +1.2 -3.3 -0.002 -0.071 92 256 339 0.185 1.00
0.95 +1.9 +0.9 -3.4 -0.003 -0.084 94 256 338 0.187 1.00
0.98 +2.0 +1.7 -3.3 -0.003 -0.096 95 255 337 0.190 1.00
1.02 +1.7 +1.4 -3.3 -0.004 -0.107 98 255 336 0.193 1.00
1.05 +2.2 +1.2 -3.0 -0.003 -0.117 100 255 335 0.197 1.00
1.08 +2.1 +1.3 -3.0 -0.003 -0.127 102 255 335 0.201 1.00
1.12 +2.1 +2.1 -3.1 -0.002 -0.136 103 255 333 0.205 1.00
1.15 +2.0 +2.9 -3.1 -0.000 -0.145 106 255 332 0.209 1.00
1.18 +2.5 +3.7 -3.1 +0.002 -0.150 109 255 333 0.214 1.00
1.22 +3.3 +4.5 -2.9 +0.003 -0.152 110 256 333 0.219 1.00
1.25 +2.8 +4.2 -3.2 +0.005 -0.151 112 256 332 0.223 1.00
1.28 +3.2 +5.1 -2.7 +0.006 -0.147 113 257 333 0.227 1.00
1.32 +3.1 +6.4 -3.1 +0.007 -0.145 115 258 335 0.230 1.00
1.35 +2.4 +6.5 -3.4 +0.008 -0.144 118 259 336 0.234 1.00
1.38 +2.3 +8.0 -3.4 +0.009 -0.142 120 259 336 0.239 1.00
1.42 +2.6 +8.6 -3.2 +0.009 -0.140 121 259 336 0.243 1.00
1.45 +2.6 +8.3 -2.8 +0.010 -0.139 122 259 336 0.247 1.00
1.48 +2.5 +8.4 -2.9 +0.011 -0.137 124 259 335 0.250 1.00
1.52 +2.5 +8.7 -2.7 +0.011 -0.134 124 260 336 0.253 1.00
1.55 +2.5 +9.1 -2.5 +0.012 -0.129 126 260 336 0.255 1.00
1.58 +1.9 +9.3 -2.4 +0.011 -0.124 125 260 337 0.257 1.00
1.62 +2.2 +10.0 -2.3 +0.011 -0.120 126 260 336 0.259 1.00
1.65 +1.9 +10.6 -2.2 +0.010 -0.115 126 260 337 0.260 1.00
1.68 +2.1 +11.2 -2.4 +0.008 -0.108 126 259 337 0.261 1.00
1.72 +1.0 +11.5 -2.4 +0.007 -0.100 125 259 338 0.261 1.00
1.75 +0.7 +11.7 -2.7 +0.006 -0.092 125 259 338 0.261 1.00
1.78 +0.0 +12.4 -2.5 +0.006 -0.087 124 259 339 0.261 1.00
1.82 +1.4 +12.9 -2.9 +0.005 -0.083 127 259 338 0.261 1.00
1.85 +1.1 +13.5 -2.9 +0.005 -0.079 128 258 339 0.262 1.00
1.89 +1.7 +13.2 -3.1 +0.005 -0.075 128 258 339 0.264 1.00
1.92 +1.1 +13.6 -2.8 +0.005 -0.072 127 258 340 0.265 1.00
1.96 +1.0 +13.0 -2.9 +0.004 -0.070 128 258 341 0.265 1.00
1.99 +1.5 +14.3 -3.0 +0.003 -0.069 128 258 341 0.265 1.00
2.02 +0.8 +14.0 -2.8 +0.001 -0.067 128 257 342 0.266 1.00
2.05 +0.7 +13.9 -2.7 +0.001 -0.066 128 257 342 0.266 1.00
2.09 +0.1 +14.1 -2.8 +0.000 -0.065 127 257 343 0.266 1.00
2.12 +0.1 +14.8 -2.6 +0.000 -0.064 127 257 343 0.266 1.00
2.15 +0.7 +14.3 -2.3 +0.000 -0.064 127 257 346 0.266 1.00
2.19 -0.5 +14.4 -2.3 +0.000 -0.063 127 257 343 0.265 1.00
2.22 +0.4 +14.6 -2.3 +0.000 -0.063 128 257 343 0.265 1.00
2.25 +0.2 +14.5 -2.5 -0.000 -0.064 128 256 342 0.266 1.00
2.29 -0.8 +14.2 -2.3 -0.000 -0.065 127 257 342 0.266 1.00
2.32 -0.2 +14.3 -2.6 +0.000 -0.066 128 256 341 0.266 1.00
2.35 -0.2 +13.9 -2.7 +0.000 -0.067 128 256 340 0.266 1.00
2.39 -0.4 +14.1 -2.8 +0.001 -0.068 128 256 341 0.266 1.00
2.42 -0.3 +12.8 -2.7 +0.000 -0.071 127 256 340 0.266 1.00
2.45 +0.1 +13.3 -2.8 -0.000 -0.074 126 256 339 0.265 1.00
2.48 -0.1 +13.6 -2.5 -0.002 -0.078 126 256 338 0.265 1.00
2.52 -1.0 +12.9 -2.4 -0.003 -0.087 123 257 337 0.264 1.00
2.55 -0.6 +12.0 -3.0 -0.004 -0.098 121 256 337 0.260 1.00
2.58 -0.5 +10.4 -3.2 -0.004 -0.108 118 257 336 0.257 1.00
2.62 +0.0 +9.5 -3.0 -0.004 -0.121 116 255 334 0.253 1.00
2.65 +0.1 +7.4 -3.3 -0.003 -0.135 114 255 334 0.249 1.00
2.68 +0.7 +5.5 -3.5 -0.002 -0.149 111 254 331 0.244 1.00
2.72 +1.0 +3.7 -3.4 -0.001 -0.161 109 254 331 0.239 1.00
2.75 +1.2 +2.5 -3.1 -0.001 -0.167 106 254 330 0.234 1.00
2.78 +1.1 +1.5 -3.1 -0.002 -0.169 103 254 331 0.229 1.00
2.82 +1.8 +0.3 -3.4 -0.003 -0.169 102 254 332 0.223 1.00
2.85 +1.6 +0.7 -3.6 -0.007 -0.167 100 253 331 0.219 1.00
2.88 +2.3 -0.5 -3.9 -0.013 -0.162 98 253 332 0.215 1.00
2.92 +1.6 -1.6 -4.0 -0.020 -0.158 96 253 332 0.211 1.00
2.95 +1.6 -3.4 -4.1 -0.026 -0.153 92 253 332 0.206 1.00
2.98 +1.7 -4.9 -4.4 -0.031 -0.145 90 252 333 0.201 1.00
3.02 +1.7 -6.4 -3.6 -0.034 -0.135 93 251 336 0.197 1.00
3.05 +2.0 -6.2 -4.2 -0.036 -0.125 91 250 336 0.194 1.00
3.08 +1.7 -7.2 -4.0 -0.036 -0.115 89 250 337 0.192 1.00
3.12 +1.4 -7.7 -4.0 -0.036 -0.106 89 251 338 0.189 1.00
3.15 +0.9 -8.7 -4.0 -0.035 -0.101 88 251 339 0.187 1.00
3.18 +0.7 -9.9 -4.2 -0.031 -0.098 88 252 339 0.186 1.00
3.22 +1.2 -9.7 -4.1 -0.028 -0.095 88 252 339 0.185 1.00
3.25 +0.2 -10.0 -3.7 -0.024 -0.086 88 252 341 0.184 1.00
3.28 +0.8 -8.5 -3.8 -0.018 -0.072 90 253 341 0.184 1.00
3.32 +0.9 -8.1 -3.6 -0.010 -0.057 92 255 343 0.185 1.00
3.35 +0.8 -8.1 -3.2 -0.004 -0.047 90 255 344 0.187 1.00
3.38 +0.4 -8.6 -3.7 +0.002 -0.046 90 257 344 0.187 1.00
3.42 +0.6 -8.7 -3.7 +0.009 -0.050 89 257 344 0.187 1.00
3.45 +1.7 -9.0 -3.5 +0.014 -0.059 89 257 344 0.186 1.00
3.48 +1.4 -9.1 -3.8 +0.018 -0.064 88 258 343 0.186 1.00
3.52 +1.7 -8.7 -3.9 +0.020 -0.066 87 258 343 0.185 1.00
3.55 +2.5 -7.1 -4.3 +0.022 -0.065 91 257 342 0.184 1.00
3.58 +2.9 -8.5 -3.9 +0.023 -0.063 91 258 342 0.187 1.00
3.62 +1.7 -8.5 -3.9 +0.025 -0.061 90 259 343 0.188 1.00
3.65 +2.5 -7.9 -3.5 +0.026 -0.061 91 257 343 0.189 1.00
3.68 +2.9 -7.5 -3.5 +0.026 -0.061 91 258 342 0.189 1.00
3.72 +2.7 -7.6 -3.3 +0.026 -0.060 90 258 343 0.189 1.00
3.75 +2.4 -9.0 -3.2 +0.023 -0.059 89 259 344 0.189 1.00
3.79 +2.6 -8.3 -3.1 +0.021 -0.058 89 259 344 0.188 1.00
3.82 +3.3 -6.5 -3.6 +0.018 -0.058 91 257 343 0.187 1.00
3.85 +2.2 -8.9 -3.0 +0.015 -0.058 89 258 345 0.187 1.00
3.89 +2.2 -8.4 -3.3 +0.013 -0.058 88 258 344 0.186 1.00
3.92 +2.1 -8.5 -3.3 +0.011 -0.058 89 257 344 0.186 1.00
3.95 +2.4 -8.3 -3.3 +0.010 -0.058 90 257 344 0.186 1.00
3.99 +2.2 -8.4 -3.1 +0.011 -0.058 89 257 344 0.186 1.00
4.02 +2.2 -7.5 -3.0 +0.012 -0.057 91 257 344 0.186 1.00
4.06 +2.3 -7.9 -3.0 +0.012 -0.056 90 257 344 0.187 1.00
4.09 +2.1 -7.9 -3.1 +0.013 -0.056 90 258 344 0.187 1.00
4.12 +2.0 -7.3 -3.0 +0.013 -0.056 90 258 344 0.187 1.00
4.15 +2.0 -7.8 -2.9 +0.013 -0.057 90 257 344 0.188 1.00
4.18 +2.4 -7.6 -2.9 +0.013 -0.058 90 257 344 0.187 1.00
4.22 +2.2 -7.8 -2.8 +0.012 -0.058 90 257 344 0.187 1.00
4.25 +2.2 -7.4 -2.9 +0.011 -0.059 90 257 344 0.187 1.00
4.28 +2.1 -7.5 -3.2 +0.010 -0.059 91 257 344 0.188 1.00
4.32 +2.1 -7.6 -3.3 +0.009 -0.059 90 257 344 0.188 1.00
4.35 +2.0 -7.9 -3.2 +0.010 -0.058 90 257 344 0.188 1.00
4.38 +2.1 -7.2 -3.0 +0.010 -0.059 90 257 344 0.188 1.00
4.42 +1.8 -7.4 -3.0 +0.012 -0.059 90 257 344 0.188 1.00
4.45 +1.9 -7.3 -2.9 +0.013 -0.060 90 258 344 0.188 1.00
4.48 +2.0 -7.2 -2.8 +0.014 -0.062 90 258 344 0.187 1.00
4.52 +2.1 -7.4 -2.8 +0.015 -0.064 90 258 344 0.187 1.00
4.55 +2.0 -7.7 -2.9 +0.015 -0.066 90 258 343 0.187 1.00
4.58 +2.1 -7.6 -3.0 +0.015 -0.067 90 258 343 0.187 1.00
4.62 +2.0 -7.6 -2.8 +0.014 -0.068 90 257 343 0.187 1.00
4.65 +2.3 -7.4 -3.2 +0.013 -0.069 90 257 343 0.187 1.00
4.68 +1.9 -7.4 -3.0 +0.012 -0.069 89 257 343 0.187 1.00
4.72 +2.1 -6.5 -3.7 +0.012 -0.069 87 257 344 0.186 1.00
4.75 +2.0 -7.1 -3.0 +0.013 -0.068 90 258 343 0.186 1.00
4.78 +1.8 -6.9 -2.9 +0.013 -0.068 90 257 343 0.187 1.00
4.82 +1.8 -7.1 -3.6 +0.014 -0.067 87 257 344 0.187 1.00
4.85 +2.0 -7.3 -3.1 +0.016 -0.067 89 258 343 0.187 1.00
4.88 +2.1 -6.6 -3.3 +0.016 -0.066 89 258 343 0.186 1.00
4.92 +2.0 -6.7 -3.2 +0.016 -0.067 90 258 343 0.186 1.00
4.95 +1.8 -5.9 -3.4 +0.015 -0.068 90 258 343 0.187 1.00
4.98 +2.4 -6.0 -3.8 +0.014 -0.071 86 257 343 0.187 1.00
5.02 +1.9 -5.6 -3.7 +0.012 -0.073 86 257 343 0.184 1.00
5.05 +2.2 -4.2 -3.7 +0.011 -0.075 88 256 343 0.182 1.00
5.08 +2.2 -3.3 -3.8 +0.009 -0.076 88 256 343 0.183 1.00
5.12 +1.5 -2.5 -3.7 +0.009 -0.077 88 256 340 0.183 1.00
5.15 +1.7 -0.7 -3.6 +0.008 -0.075 89 256 340 0.183 1.00
5.18 +2.1 +0.5 -3.4 +0.008 -0.071 90 256 341 0.184 1.00
5.22 +1.9 +1.7 -3.5 +0.006 -0.068 91 256 341 0.186 1.00
5.25 +2.5 +3.7 -3.9 +0.004 -0.065 93 256 340 0.187 1.00
5.28 +2.2 +4.4 -4.0 +0.003 -0.061 95 256 340 0.190 1.00
5.32 +2.5 +5.9 -3.9 +0.003 -0.057 96 255 341 0.193 1.00
5.35 +2.0 +7.4 -4.1 +0.002 -0.054 97 255 341 0.196 1.00
5.38 +1.3 +7.4 -3.7 +0.000 -0.051 99 256 341 0.198 1.00
5.42 +0.9 +7.9 -3.6 -0.001 -0.049 100 256 342 0.201 1.00
5.45 +0.7 +8.3 -3.7 -0.002 -0.048 103 256 341 0.204 1.00
5.48 +0.9 +8.4 -3.5 -0.001 -0.046 103 256 342 0.208 1.00
5.52 +0.4 +9.6 -3.7 -0.000 -0.040 106 256 343 0.211 1.00
5.55 +0.1 +10.6 -3.6 +0.002 -0.031 107 257 343 0.215 1.00
5.59 +0.2 +11.3 -3.7 +0.004 -0.019 110 258 344 0.218 1.00
5.62 -0.2 +12.2 -3.7 +0.006 -0.004 113 258 346 0.223 1.00
5.65 +0.2 +13.9 -3.9 +0.008 +0.009 116 259 348 0.228 1.00
5.68 +0.9 +13.9 -4.0 +0.009 +0.026 119 259 348 0.234 1.00
5.72 +1.5 +15.1 -4.2 +0.010 +0.039 123 259 351 0.239 1.00
5.75 +1.6 +15.4 -4.0 +0.011 +0.048 124 259 353 0.246 1.00
5.78 +1.3 +16.8 -4.2 +0.011 +0.056 124 258 354 0.251 1.00
5.82 +0.7 +17.3 -4.4 +0.011 +0.066 124 259 355 0.254 1.00
5.85 +0.2 +17.6 -4.2 +0.010 +0.076 126 259 356 0.256 1.00
5.88 -0.2 +18.8 -4.1 +0.009 +0.086 127 259 357 0.259 1.00
5.92 -0.7 +18.7 -3.8 +0.007 +0.093 128 258 358 0.261 1.00
5.95 -0.4 +18.7 -3.7 +0.006 +0.099 129 258 358 0.263 1.00
5.98 -0.6 +19.1 -3.8 +0.005 +0.102 129 257 359 0.265 1.00
6.02 -0.7 +19.0 -3.6 +0.003 +0.104 129 256 359 0.267 1.00
6.05 -0.8 +19.2 -3.6 +0.001 +0.106 130 256 360 0.268 1.00
6.09 -0.7 +19.8 -3.6 +0.000 +0.108 131 255 359 0.269 1.00
6.12 -0.5 +19.8 -3.8 -0.001 +0.109 132 254 359 0.271 1.00
6.15 -0.6 +20.2 -3.6 -0.002 +0.109 132 254 359 0.272 1.00
6.18 -0.5 +20.0 -3.6 -0.002 +0.109 132 254 359 0.273 1.00
6.22 -0.4 +19.8 -3.6 -0.002 +0.108 132 254 359 0.274 1.00
6.25 -0.8 +20.1 -3.5 -0.001 +0.107 132 255 358 0.274 1.00
6.28 -0.6 +19.8 -3.5 -0.001 +0.105 130 255 358 0.274 1.00
6.32 -0.2 +19.4 -3.6 -0.000 +0.104 130 255 358 0.273 1.00
6.35 -0.0 +19.4 -3.8 -0.000 +0.103 131 255 358 0.273 1.00
6.38 -0.2 +19.2 -3.6 -0.000 +0.102 131 255 358 0.273 1.00
6.42 +0.1 +19.2 -3.9 -0.001 +0.102 131 255 358 0.273 1.00
6.45 +0.1 +18.5 -3.7 -0.001 +0.102 130 255 358 0.273 1.00
6.48 -0.0 +19.1 -3.6 -0.001 +0.102 130 255 358 0.272 1.00
6.51 -1.1 +20.1 -3.6 -0.001 +0.101 130 255 357 0.271 1.00
6.55 -1.4 +19.8 -3.7 -0.001 +0.100 131 254 356 0.271 1.00
6.58 -1.1 +20.4 -3.7 -0.000 +0.099 131 255 357 0.272 1.00
6.62 -1.2 +19.2 -3.8 -0.001 +0.098 131 255 356 0.272 1.00
6.65 -0.7 +19.3 -3.8 -0.001 +0.099 130 255 356 0.272 1.00
6.68 -1.1 +19.0 -3.9 -0.001 +0.099 130 255 355 0.272 1.00
6.72 -1.1 +19.3 -3.7 -0.001 +0.099 131 255 356 0.272 1.00
6.75 -0.9 +20.0 -3.9 -0.000 +0.099 130 255 356 0.272 1.00
6.79 -1.0 +19.2 -3.8 -0.000 +0.098 131 255 355 0.272 1.00
6.82 -0.7 +19.1 -3.8 -0.000 +0.097 130 255 356 0.272 1.00
6.85 -0.4 +18.7 -3.8 +0.000 +0.096 130 255 356 0.272 1.00
6.89 -0.2 +18.7 -3.7 -0.000 +0.092 130 255 356 0.271 1.00
6.92 -0.3 +18.0 -3.7 -0.001 +0.087 130 254 355 0.271 1.00
6.95 -0.4 +16.9 -3.6 -0.002 +0.079 129 253 353 0.271 1.00
6.99 -0.1 +15.5 -3.8 -0.003 +0.070 124 253 351 0.270 1.00
7.02 -0.4 +14.5 -3.8 -0.005 +0.055 123 254 350 0.265 1.00
7.05 -0.1 +12.8 -3.9 -0.007 +0.039 120 253 348 0.261 1.00
7.09 -0.2 +11.1 -3.6 -0.008 +0.013 114 252 346 0.257 1.00
7.12 -0.5 +9.5 -3.7 -0.009 -0.004 112 252 344 0.249 1.00
7.15 +0.3 +8.2 -3.8 -0.008 -0.022 110 252 342 0.243 1.00
7.18 +0.5 +7.7 -3.8 -0.007 -0.039 108 253 341 0.237 1.00
7.22 +0.7 +6.0 -4.1 -0.005 -0.054 105 253 339 0.232 1.00
7.25 +1.2 +5.4 -4.4 -0.005 -0.067 105 253 336 0.227 1.00
7.28 +1.4 +3.8 -4.3 -0.004 -0.081 104 253 336 0.223 1.00
7.32 +1.4 +1.8 -4.3 -0.002 -0.092 102 254 335 0.220 1.00
7.35 +1.5 +0.8 -4.2 -0.001 -0.097 100 254 334 0.217 1.00
7.38 +1.5 -0.8 -4.2 -0.001 -0.098 98 254 333 0.213 1.00
7.42 +1.4 -2.0 -4.4 -0.001 -0.098 97 254 334 0.210 1.00
7.45 +1.5 -2.3 -4.1 -0.002 -0.098 94 254 334 0.207 1.00
7.48 +1.4 -2.9 -3.9 -0.002 -0.097 92 253 335 0.202 1.00
7.52 +1.5 -3.7 -4.5 -0.002 -0.093 90 254 335 0.198 1.00
7.55 +1.2 -5.0 -4.6 -0.005 -0.089 88 254 337 0.194 1.00
7.58 +1.5 -5.9 -4.5 -0.005 -0.086 88 253 337 0.190 1.00
7.62 +2.3 -6.2 -4.7 -0.005 -0.084 87 253 338 0.188 1.00
7.65 +0.9 -8.3 -3.8 -0.002 -0.083 92 253 340 0.186 1.00
7.68 +1.0 -10.7 -3.4 +0.001 -0.083 92 254 340 0.188 1.00
7.72 +1.1 -11.0 -2.9 +0.004 -0.083 91 254 341 0.189 1.00
7.75 +2.0 -11.2 -2.6 +0.009 -0.084 92 254 340 0.190 1.00
7.78 +1.7 -12.5 -2.3 +0.012 -0.086 89 255 340 0.190 1.00
7.81 +2.7 -11.9 -2.3 +0.014 -0.089 90 256 339 0.189 1.00
7.85 +2.4 -12.9 -2.3 +0.017 -0.093 89 256 339 0.188 1.00
7.88 +1.8 -12.3 -2.3 +0.019 -0.095 90 257 339 0.187 1.00
7.91 +2.6 -12.3 -2.1 +0.020 -0.095 89 256 339 0.187 1.00
7.95 +1.9 -11.6 -2.3 +0.021 -0.093 90 257 340 0.187 1.00
7.98 +2.1 -11.2 -2.4 +0.022 -0.092 91 257 340 0.187 1.00
8.01 +1.9 -11.1 -2.4 +0.024 -0.092 91 257 340 0.188 1.00
