v2 t yaw pitch roll pos_x pos_y w cx cy size score
0.02 +1.7 -7.6 -3.8 +0.000 +0.000 90 257 345 0.188 1.00
0.05 +2.1 -6.9 -4.5 +0.000 -0.000 87 257 346 0.186 1.00
0.08 +1.6 -7.6 -3.9 +0.001 -0.000 90 256 344 0.186 1.00
0.12 +1.6 -7.9 -3.8 +0.001 -0.000 90 257 345 0.187 1.00
0.15 +1.4 -7.8 -3.7 +0.001 -0.001 90 257 344 0.187 1.00
0.18 +2.0 -7.4 -4.5 +0.002 -0.001 88 257 346 0.187 1.00
0.22 +1.5 -8.0 -3.9 +0.002 -0.001 90 257 344 0.187 1.00
0.25 +1.9 -7.7 -3.6 +0.002 -0.001 90 257 344 0.187 1.00
0.28 +1.7 -7.7 -3.9 +0.002 -0.001 90 257 344 0.187 1.00
0.32 +1.5 -8.0 -3.8 +0.000 +0.000 91 256 344 0.188 1.00
0.35 +1.9 -7.1 -4.6 +0.000 +0.000 87 257 346 0.188 1.00
0.38 +1.4 -7.8 -3.9 +0.000 +0.000 91 256 345 0.188 1.00
0.42 +1.2 -7.5 -3.9 +0.000 +0.000 90 256 345 0.188 1.00
0.45 +1.3 -8.0 -3.9 +0.000 -0.000 90 257 345 0.188 1.00
0.48 +1.6 -8.3 -3.7 +0.000 -0.001 90 257 344 0.188 1.00
0.52 +2.0 -7.3 -4.3 +0.001 -0.001 88 257 345 0.188 1.00
0.55 +1.4 -8.2 -3.9 +0.001 -0.001 90 256 345 0.187 1.00
0.58 +1.4 -8.4 -3.7 +0.001 -0.001 90 257 345 0.187 1.00
0.62 +1.2 -8.2 -3.7 +0.001 -0.001 90 257 344 0.187 1.00
0.65 +1.4 -8.3 -3.6 +0.001 -0.001 90 257 344 0.187 1.00
0.68 +1.6 -8.1 -3.8 +0.001 -0.001 90 257 344 0.187 1.00
0.72 +1.5 -8.5 -3.8 +0.000 -0.002 91 257 344 0.187 1.00
0.75 +1.6 -8.1 -3.8 +0.001 -0.001 91 257 344 0.188 1.00
0.78 +1.8 -6.8 -4.5 +0.001 -0.001 87 257 346 0.188 1.00
0.82 +1.2 -8.2 -3.7 +0.000 -0.001 90 257 344 0.188 1.00
0.85 +1.4 -7.9 -3.8 +0.001 -0.001 90 257 344 0.188 1.00
0.88 +1.8 -8.0 -3.5 +0.001 -0.001 91 257 344 0.188 1.00
0.92 +1.6 -7.7 -3.8 +0.001 -0.001 91 257 345 0.188 1.00
0.95 +1.5 -8.1 -3.6 +0.001 -0.002 91 257 344 0.189 1.00
0.98 +1.3 -7.4 -3.7 +0.001 -0.002 91 257 345 0.189 1.00
1.02 +1.6 -7.4 -3.9 +0.001 -0.002 90 257 345 0.189 1.00
1.05 +1.3 -8.4 -3.7 +0.001 -0.002 90 257 344 0.189 1.00
1.08 +1.8 -7.5 -3.7 +0.002 -0.003 91 257 345 0.188 1.00
1.12 +1.5 -7.9 -3.9 +0.002 -0.003 90 257 344 0.188 1.00
1.15 +1.6 -8.4 -3.6 +0.002 -0.005 91 257 344 0.188 1.00
1.18 +2.3 -7.3 -4.5 +0.002 -0.009 88 257 345 0.188 1.00
1.22 +1.7 -10.4 -4.1 +0.002 -0.024 87 257 343 0.186 1.00
1.25 +2.4 -13.3 -3.8 +0.002 -0.056 90 257 341 0.185 1.00
1.28 +2.3 -19.1 -4.4 +0.002 -0.089 89 258 341 0.185 1.00
1.32 +2.6 -22.1 -4.2 +0.001 -0.112 86 258 338 0.185 1.00
1.36 +2.2 -23.4 -4.2 +0.002 -0.124 86 258 338 0.183 1.00
1.39 +2.3 -22.8 -4.4 +0.001 -0.122 86 258 338 0.182 1.00
1.42 +3.0 -21.0 -4.6 +0.001 -0.102 88 259 339 0.181 1.00
1.46 +2.6 -16.5 -4.5 +0.000 -0.073 88 258 342 0.182 1.00
1.48 +1.6 -10.1 -4.2 -0.000 -0.029 87 256 343 0.182 1.00
1.52 +1.6 -8.0 -3.5 -0.001 +0.014 91 256 345 0.182 1.00
1.55 +1.3 -3.0 -3.4 -0.001 +0.055 91 257 348 0.185 1.00
1.58 +2.3 +0.8 -3.4 -0.002 +0.082 91 257 351 0.187 1.00
1.62 +2.4 +1.7 -3.8 -0.002 +0.092 91 257 351 0.188 1.00
1.65 +2.7 +2.1 -3.5 -0.001 +0.091 91 257 351 0.189 1.00
1.68 +2.1 +0.6 -3.8 -0.000 +0.074 86 256 350 0.189 1.00
1.72 +1.4 -3.2 -4.4 +0.000 +0.039 86 257 348 0.185 1.00
1.75 +1.6 -7.6 -3.8 +0.001 -0.002 88 257 344 0.183 1.00
1.78 +1.7 -12.4 -3.9 +0.001 -0.049 87 258 342 0.182 1.00
1.82 +1.7 -18.3 -4.1 +0.002 -0.098 90 259 342 0.183 1.00
1.85 +1.9 -22.4 -3.6 +0.003 -0.131 86 258 338 0.182 1.00
1.88 +0.9 -23.6 -3.7 +0.004 -0.147 84 257 338 0.180 1.00
1.92 +0.8 -23.5 -3.5 +0.005 -0.146 84 257 338 0.178 1.00
1.95 +2.4 -23.0 -3.6 +0.006 -0.129 87 258 339 0.177 1.00
1.99 +2.3 -19.4 -4.2 +0.006 -0.098 89 259 341 0.178 1.00
2.02 +2.3 -13.4 -3.6 +0.007 -0.054 91 259 342 0.181 1.00
2.05 +1.8 -9.1 -3.2 +0.007 -0.009 90 257 344 0.184 1.00
2.09 +1.9 -4.0 -3.9 +0.006 +0.034 86 258 349 0.185 1.00
2.12 +2.5 -1.9 -3.6 +0.006 +0.058 89 258 349 0.185 1.00
2.15 +2.5 +1.0 -3.9 +0.005 +0.073 86 257 351 0.183 1.00
2.19 +3.2 +1.6 -3.8 +0.005 +0.083 91 259 351 0.184 1.00
2.22 +3.1 +1.0 -3.8 +0.004 +0.082 91 259 351 0.186 1.00
2.25 +2.4 +0.4 -3.9 +0.003 +0.074 86 257 350 0.187 1.00
2.28 +1.7 -1.9 -4.2 +0.003 +0.058 85 257 350 0.184 1.00
2.32 +1.5 -3.6 -4.0 +0.002 +0.035 86 257 349 0.181 1.00
2.35 +1.4 -6.9 -3.2 +0.002 +0.014 92 257 345 0.180 1.00
2.38 +1.5 -7.9 -3.7 +0.001 -0.005 88 257 345 0.181 1.00
2.42 +1.6 -9.9 -3.6 +0.001 -0.019 87 257 344 0.182 1.00
2.45 +1.3 -10.2 -3.7 +0.001 -0.024 87 257 343 0.182 1.00
2.49 +1.3 -10.2 -3.6 +0.002 -0.024 87 257 343 0.181 1.00
2.52 +1.3 -10.3 -3.7 +0.003 -0.022 86 257 344 0.181 1.00
2.55 +1.2 -9.7 -3.5 +0.003 -0.020 87 257 344 0.181 1.00
2.59 +1.4 -9.9 -3.7 +0.004 -0.019 86 258 344 0.180 1.00
2.62 +1.3 -10.2 -3.7 +0.004 -0.019 86 258 344 0.180 1.00
2.65 +1.6 -9.7 -3.4 +0.005 -0.019 86 258 344 0.180 1.00
2.69 +1.3 -9.8 -3.7 +0.006 -0.018 86 258 344 0.180 1.00
2.72 +1.8 -9.0 -3.8 +0.006 -0.017 87 258 344 0.180 1.00
2.75 +1.8 -9.1 -3.7 +0.007 -0.017 88 258 344 0.181 1.00
2.79 +1.9 -9.8 -3.8 +0.008 -0.016 88 258 344 0.182 1.00
2.82 +2.0 -8.6 -3.8 +0.008 -0.016 88 258 344 0.182 1.00
2.85 +2.0 -8.5 -3.7 +0.008 -0.015 88 258 345 0.183 1.00
2.89 +2.1 -8.6 -3.8 +0.009 -0.014 88 258 344 0.183 1.00
2.92 +1.5 -9.5 -3.6 +0.009 -0.013 88 258 344 0.183 1.00
2.95 +1.8 -9.0 -3.8 +0.009 -0.013 88 258 344 0.183 1.00
2.98 +1.6 -9.3 -3.7 +0.009 -0.012 88 258 344 0.183 1.00
3.02 +2.2 -8.0 -4.0 +0.009 -0.012 88 258 344 0.183 1.00
3.05 +1.9 -8.8 -3.9 +0.008 -0.011 88 258 344 0.184 1.00
3.08 +2.0 -8.1 -4.1 +0.007 -0.011 88 258 345 0.183 1.00
3.12 +2.0 -8.6 -4.1 +0.007 -0.010 88 258 345 0.183 1.00
3.15 +1.5 -8.2 -3.6 +0.006 -0.009 90 258 344 0.183 1.00
3.18 +1.6 -8.5 -3.9 +0.005 -0.008 89 258 344 0.184 1.00
3.22 +1.5 -8.7 -3.4 +0.005 -0.007 91 258 344 0.186 1.00
3.25 +1.9 -8.6 -3.6 +0.005 -0.006 91 258 344 0.187 1.00
3.28 +1.6 -8.8 -3.6 +0.005 -0.006 90 258 344 0.188 1.00
3.32 +1.5 -8.1 -3.7 +0.005 -0.006 91 258 345 0.188 1.00
3.35 +1.5 -8.1 -3.8 +0.005 -0.005 90 258 344 0.188 1.00
3.38 +1.4 -8.5 -3.5 +0.005 -0.005 90 258 344 0.188 1.00
3.42 +1.9 -8.3 -4.0 +0.005 -0.004 90 258 345 0.188 1.00
3.45 +1.7 -8.1 -3.6 +0.006 -0.004 90 258 344 0.188 1.00
3.49 +1.6 -8.0 -3.7 +0.006 -0.003 90 258 344 0.188 1.00
3.52 +1.4 -8.5 -3.5 +0.007 -0.003 91 258 344 0.188 1.00
3.55 +1.7 -7.9 -3.6 +0.007 -0.003 90 258 344 0.188 1.00
3.58 +1.7 -8.0 -3.7 +0.008 -0.004 90 258 345 0.188 1.00
3.62 +1.5 -7.7 -3.4 +0.008 -0.003 90 258 344 0.188 1.00
3.65 +1.3 -8.2 -3.5 +0.008 -0.002 91 258 344 0.188 1.00
3.68 +1.5 -7.9 -3.5 +0.008 -0.002 91 258 344 0.188 1.00
3.72 +1.7 -8.2 -3.4 +0.008 -0.001 90 258 344 0.188 1.00
3.75 +1.7 -7.4 -3.5 +0.008 +0.000 91 258 344 0.189 1.00
3.78 +1.7 -7.2 -3.6 +0.008 +0.000 91 258 344 0.189 1.00
3.82 +1.6 -7.6 -3.5 +0.008 +0.000 91 258 344 0.189 1.00
3.85 +1.8 -8.1 -3.4 +0.008 -0.000 91 258 344 0.189 1.00
3.88 +1.7 -8.1 -3.4 +0.008 -0.002 91 258 344 0.189 1.00
3.92 +1.6 -7.9 -3.7 +0.008 -0.002 91 258 344 0.189 1.00
3.95 +1.5 -8.4 -3.6 +0.008 -0.003 90 258 344 0.189 1.00
3.98 +1.7 -8.1 -3.6 +0.008 -0.003 90 258 344 0.189 1.00
4.02 +1.7 -8.0 -3.8 +0.008 -0.003 90 258 344 0.188 1.00
4.05 +1.6 -7.7 -3.7 +0.008 -0.003 90 258 344 0.188 1.00
4.08 +1.4 -7.7 -3.9 +0.008 -0.003 90 258 344 0.188 1.00
4.12 +1.6 -7.4 -3.4 +0.008 -0.003 91 258 344 0.188 1.00
4.15 +1.6 -8.3 -3.7 +0.008 -0.003 91 258 344 0.188 1.00
4.18 +1.5 -8.5 -3.5 +0.008 -0.004 90 258 344 0.188 1.00
4.22 +1.5 -8.1 -3.7 +0.008 -0.005 90 258 344 0.188 1.00
4.25 +1.6 -8.2 -3.5 +0.007 -0.005 90 258 344 0.188 1.00
4.28 +1.8 -8.6 -3.5 +0.007 -0.005 91 258 344 0.188 1.00
4.31 +1.6 -8.0 -3.6 +0.007 -0.005 90 258 344 0.188 1.00
4.35 +1.4 -8.3 -3.7 +0.006 -0.005 90 258 344 0.188 1.00
4.38 +1.4 -8.3 -3.7 +0.006 -0.005 90 258 344 0.188 1.00
4.42 +1.7 -7.8 -3.6 +0.006 -0.005 90 258 345 0.188 1.00
4.45 +1.9 -8.4 -3.7 +0.006 -0.005 90 258 345 0.188 1.00
4.48 +1.6 -8.6 -3.7 +0.006 -0.004 90 258 345 0.187 1.00
4.52 +1.7 -8.2 -3.7 +0.006 -0.004 90 258 344 0.188 1.00
4.55 +1.4 -8.3 -3.6 +0.006 -0.004 90 258 345 0.188 1.00
4.59 +1.4 -8.1 -3.8 +0.005 -0.005 90 258 345 0.188 1.00
4.62 +1.4 -8.2 -3.7 +0.005 -0.004 90 258 344 0.188 1.00
4.65 +1.4 -8.6 -3.7 +0.005 -0.004 90 257 344 0.188 1.00
4.68 +1.5 -8.3 -3.8 +0.004 -0.004 91 257 345 0.188 1.00
4.72 +1.5 -7.9 -3.6 +0.005 -0.004 91 258 344 0.188 1.00
4.75 +1.4 -8.2 -3.6 +0.005 -0.004 90 257 345 0.188 1.00
4.78 +1.5 -8.1 -3.8 +0.005 -0.003 90 257 345 0.188 1.00
4.82 +1.5 -8.2 -3.7 +0.005 -0.003 90 258 345 0.188 1.00
4.85 +1.6 -7.9 -3.8 +0.005 -0.003 91 258 345 0.188 1.00
4.88 +1.5 -7.8 -3.6 +0.005 -0.003 91 258 344 0.189 1.00
4.92 +1.6 -8.5 -3.4 +0.006 -0.003 91 258 344 0.189 1.00
4.95 +1.7 -8.3 -3.5 +0.006 -0.003 90 257 344 0.189 1.00
4.98 +1.7 -8.2 -3.5 +0.006 -0.003 90 258 344 0.188 1.00
5.02 +1.8 -8.1 -3.7 +0.007 -0.003 90 258 344 0.188 1.00
5.05 +1.6 -8.2 -3.6 +0.007 -0.003 91 258 344 0.188 1.00
5.08 +1.7 -8.0 -3.5 +0.007 -0.003 90 258 344 0.188 1.00
5.12 +1.9 -7.9 -3.7 +0.007 -0.004 90 258 345 0.188 1.00
5.15 +1.8 -8.6 -3.3 +0.007 -0.004 90 258 344 0.188 1.00
5.18 +1.6 -7.8 -3.9 +0.007 -0.003 90 258 345 0.188 1.00
5.22 +1.3 -7.8 -3.7 +0.007 -0.003 90 258 344 0.188 1.00
5.25 +1.5 -8.1 -3.5 +0.007 -0.003 91 257 344 0.188 1.00
5.28 +1.8 -8.1 -3.4 +0.007 -0.003 91 258 344 0.188 1.00
5.32 +1.5 -8.1 -3.8 +0.006 -0.003 90 258 345 0.188 1.00
5.35 +1.9 -8.2 -3.6 +0.006 -0.004 91 257 344 0.188 1.00
5.38 +1.7 -7.8 -3.5 +0.006 -0.005 90 257 344 0.188 1.00
5.41 +1.6 -8.4 -3.6 +0.005 -0.005 90 257 344 0.188 1.00
5.45 +1.4 -8.2 -3.9 +0.005 -0.005 90 257 345 0.188 1.00
5.48 +1.5 -8.2 -3.6 +0.006 -0.005 90 257 344 0.188 1.00
5.52 +1.3 -8.0 -3.9 +0.006 -0.005 91 258 345 0.188 1.00
5.55 +1.5 -7.8 -3.9 +0.006 -0.005 90 258 345 0.188 1.00
5.59 +1.5 -8.1 -4.0 +0.005 -0.004 90 258 345 0.188 1.00
5.62 +1.6 -7.9 -4.0 +0.006 -0.004 90 258 344 0.188 1.00
5.65 +1.3 -7.8 -4.0 +0.006 -0.004 91 258 345 0.188 1.00
5.68 +1.7 -8.0 -3.9 +0.006 -0.004 90 258 345 0.188 1.00
5.72 +1.6 -7.9 -3.9 +0.005 -0.005 90 258 345 0.188 1.00
5.75 +1.6 -8.2 -3.8 +0.005 -0.004 91 258 345 0.188 1.00
5.78 +1.6 -8.0 -3.8 +0.005 -0.005 90 258 345 0.188 1.00
5.82 +1.4 -8.0 -3.9 +0.005 -0.004 90 258 344 0.188 1.00
5.85 +1.5 -7.7 -4.0 +0.005 -0.004 90 257 345 0.188 1.00
5.88 +1.3 -8.7 -3.8 +0.005 -0.004 90 257 345 0.188 1.00
5.91 +1.6 -8.1 -3.8 +0.005 -0.004 90 257 345 0.188 1.00
5.95 +1.4 -8.0 -4.0 +0.004 -0.004 90 257 345 0.188 1.00
5.98 +1.3 -7.9 -3.9 +0.004 -0.004 90 257 345 0.188 1.00
6.02 +1.5 -8.3 -3.8 +0.004 -0.004 90 257 345 0.188 1.00
6.05 +1.6 -8.3 -3.6 +0.004 -0.004 90 258 344 0.188 1.00
6.08 +1.4 -7.9 -3.9 +0.004 -0.004 90 257 345 0.188 1.00
6.12 +1.3 -7.7 -4.0 +0.004 -0.004 90 257 345 0.188 1.00
6.15 +1.7 -7.7 -3.9 +0.004 -0.004 91 257 345 0.188 1.00
6.18 +1.5 -8.0 -4.0 +0.004 -0.004 90 257 345 0.188 1.00
6.21 +1.5 -7.9 -3.9 +0.003 -0.004 90 257 345 0.188 1.00
6.25 +1.6 -8.3 -3.8 +0.003 -0.004 90 257 344 0.188 1.00
6.28 +1.4 -8.0 -3.8 +0.003 -0.004 90 257 345 0.188 1.00
6.32 +1.5 -8.1 -3.6 +0.003 -0.004 90 257 344 0.188 1.00
6.35 +1.3 -7.5 -3.7 +0.003 -0.004 90 257 345 0.188 1.00
6.38 +1.3 -8.2 -3.7 +0.003 -0.004 91 257 344 0.188 1.00
6.42 +1.2 -8.1 -3.7 +0.003 -0.004 90 257 345 0.188 1.00
6.45 +1.5 -8.2 -3.9 +0.003 -0.004 90 257 345 0.188 1.00
6.48 +1.5 -8.3 -3.7 +0.003 -0.004 90 257 344 0.188 1.00
6.52 +1.7 -7.5 -4.3 +0.003 -0.003 88 257 346 0.187 1.00
6.55 +1.4 -7.9 -3.9 +0.003 -0.003 90 257 345 0.187 1.00
6.58 +1.7 -7.7 -3.8 +0.003 -0.003 90 257 345 0.187 1.00
6.62 +1.6 -7.9 -3.8 +0.003 -0.003 89 257 345 0.187 1.00
6.65 +1.6 -8.6 -3.8 +0.003 -0.003 89 257 344 0.187 1.00
6.68 +1.8 -8.2 -3.7 +0.003 -0.002 90 257 345 0.187 1.00
6.72 +1.4 -8.3 -3.8 +0.004 -0.002 91 257 345 0.187 1.00
6.75 +1.8 -7.5 -3.8 +0.004 -0.002 91 257 345 0.188 1.00
6.78 +1.1 -8.5 -3.6 +0.004 -0.002 90 257 345 0.188 1.00
6.82 +1.2 -7.9 -3.7 +0.004 -0.002 90 257 345 0.188 1.00
6.85 +1.6 -7.9 -3.7 +0.004 -0.002 91 257 345 0.188 1.00
6.88 +1.3 -8.4 -3.7 +0.003 -0.002 90 257 345 0.188 1.00
6.91 +1.6 -7.9 -3.7 +0.003 -0.002 91 257 345 0.188 1.00
6.95 +1.4 -8.0 -3.8 +0.004 -0.002 90 257 345 0.188 1.00
6.98 +1.3 -8.2 -3.8 +0.004 -0.002 90 257 345 0.188 1.00
7.01 +1.4 -8.4 -3.6 +0.004 -0.002 90 257 345 0.188 1.00
7.05 +1.3 -8.2 -3.9 +0.004 -0.002 90 257 345 0.188 1.00
7.08 +1.5 -8.0 -3.8 +0.005 -0.002 90 257 345 0.188 1.00
7.12 +1.4 -8.3 -3.8 +0.005 -0.003 90 257 345 0.188 1.00
7.15 +1.6 -8.3 -3.7 +0.005 -0.003 90 257 345 0.188 1.00
7.18 +1.5 -7.8 -3.9 +0.004 -0.003 90 257 345 0.187 1.00
7.21 +1.8 -8.0 -3.7 +0.004 -0.003 90 257 345 0.187 1.00
7.25 +1.7 -8.1 -3.7 +0.004 -0.003 90 257 344 0.187 1.00
7.28 +1.0 -8.5 -3.8 +0.003 -0.003 90 257 345 0.187 1.00
7.32 +1.5 -8.1 -3.8 +0.003 -0.003 91 257 345 0.187 1.00
7.35 +1.7 -7.9 -3.9 +0.003 -0.003 90 257 345 0.188 1.00
7.38 +1.6 -8.1 -3.8 +0.003 -0.003 90 257 345 0.188 1.00
7.42 +1.9 -7.2 -4.4 +0.003 -0.003 88 257 346 0.187 1.00
7.45 +1.3 -7.9 -3.9 +0.003 -0.003 90 257 345 0.187 1.00
7.48 +1.1 -8.2 -3.9 +0.003 -0.004 90 257 345 0.187 1.00
7.52 +1.5 -8.2 -3.7 +0.003 -0.003 90 257 345 0.187 1.00
7.55 +1.5 -7.9 -3.7 +0.003 -0.003 91 257 345 0.187 1.00
7.58 +1.5 -7.8 -4.0 +0.004 -0.003 90 257 345 0.187 1.00
7.62 +1.6 -8.1 -3.8 +0.004 -0.003 90 257 345 0.188 1.00
7.65 +1.6 -8.1 -3.8 +0.004 -0.003 90 257 345 0.187 1.00
7.69 +1.7 -7.7 -3.8 +0.004 -0.003 90 257 345 0.187 1.00
7.73 +1.6 -8.2 -3.8 +0.004 -0.002 90 257 345 0.187 1.00
7.76 +1.7 -7.6 -4.0 +0.005 -0.002 90 257 345 0.187 1.00
7.79 +1.4 -7.6 -3.9 +0.004 -0.002 90 257 345 0.188 1.00
7.82 +1.9 -7.4 -4.5 +0.004 -0.001 87 257 346 0.187 1.00
7.85 +1.5 -8.0 -3.8 +0.004 -0.001 90 257 345 0.187 1.00
7.88 +1.7 -7.7 -4.1 +0.004 -0.001 90 257 345 0.187 1.00
7.92 +1.5 -8.1 -3.9 +0.004 -0.002 90 257 345 0.188 1.00
7.95 +1.7 -8.3 -3.8 +0.004 -0.002 90 257 345 0.187 1.00
7.98 +1.5 -8.1 -3.6 +0.003 -0.002 90 256 345 0.187 1.00
8.01 +1.2 -8.5 -3.7 +0.003 -0.002 90 257 345 0.187 1.00
