v2 t yaw pitch roll pos_x pos_y w cx cy size score
0.02 +3.0 -3.6 -5.1 +0.000 +0.000 87 257 348 0.182 1.00
0.05 +3.1 -3.5 -5.2 -0.000 -0.000 87 257 348 0.182 1.00
0.09 +3.2 -2.6 -5.2 -0.000 +0.000 88 257 348 0.182 1.00
0.12 +3.3 -3.0 -5.2 -0.000 +0.000 88 257 348 0.182 1.00
0.15 +3.3 -3.5 -5.2 -0.000 +0.000 87 257 348 0.182 1.00
0.19 +2.9 -3.0 -5.3 -0.001 -0.000 88 257 348 0.182 1.00
0.23 +3.0 -3.3 -5.2 -0.001 -0.001 88 257 348 0.182 1.00
0.26 +3.5 -3.1 -5.5 -0.001 -0.001 87 257 349 0.182 1.00
0.29 +3.1 -3.2 -5.1 -0.002 -0.001 87 257 348 0.182 1.00
0.32 +3.4 -3.0 -5.2 -0.002 -0.001 88 257 348 0.182 1.00
0.35 +3.2 -3.4 -5.1 -0.001 -0.001 88 257 348 0.182 1.00
0.39 +3.2 -3.0 -5.3 -0.001 -0.001 87 257 348 0.182 1.00
0.42 +3.2 -2.9 -5.2 -0.001 -0.001 88 257 348 0.183 1.00
0.45 +3.0 -3.5 -5.3 -0.001 -0.001 87 257 348 0.183 1.00
0.49 +3.2 -2.9 -5.1 -0.002 -0.002 88 257 348 0.183 1.00
0.52 +3.2 -3.4 -5.3 -0.001 -0.002 87 257 348 0.183 1.00
0.55 +2.8 -3.5 -5.2 -0.002 -0.002 88 257 348 0.183 1.00
0.59 +3.3 -3.2 -5.1 -0.002 -0.003 88 257 348 0.183 1.00
0.62 +3.2 -2.9 -5.2 -0.002 -0.003 88 256 348 0.183 1.00
0.65 +2.9 -3.6 -5.2 -0.002 -0.003 88 257 348 0.183 1.00
0.69 +2.9 -3.4 -5.0 -0.002 -0.003 88 257 347 0.183 1.00
0.72 +2.9 -3.3 -5.3 -0.002 -0.003 88 257 348 0.183 1.00
0.75 +4.8 -2.7 -4.4 -0.002 -0.004 92 257 345 0.184 1.00
0.78 +3.3 -3.8 -5.1 -0.002 -0.004 88 257 348 0.184 1.00
0.82 +2.9 -3.4 -5.3 -0.002 -0.003 88 257 348 0.184 1.00
0.85 +2.9 -3.7 -5.2 -0.002 -0.003 88 257 348 0.183 1.00
0.88 +2.9 -3.6 -5.2 -0.002 -0.003 88 256 348 0.183 1.00
0.92 +3.0 -3.4 -5.2 -0.003 -0.003 88 256 348 0.183 1.00
0.95 +2.9 -3.4 -5.4 -0.003 -0.003 88 256 348 0.183 1.00
0.98 +4.1 -3.0 -4.4 -0.004 -0.003 93 256 345 0.184 1.00
1.02 +4.4 -3.6 -4.2 -0.004 -0.004 92 256 345 0.187 1.00
1.05 +4.0 -3.2 -4.2 -0.003 -0.004 92 256 345 0.189 1.00
1.08 +3.0 -3.2 -5.4 -0.003 -0.004 88 256 348 0.190 1.00
1.12 +4.0 -3.8 -4.2 -0.003 -0.004 93 256 345 0.191 1.00
1.15 +3.8 -4.0 -4.2 -0.003 -0.004 92 256 345 0.192 1.00
1.18 +3.8 -3.4 -4.3 -0.003 -0.004 92 257 345 0.192 1.00
1.22 +4.2 -3.5 -4.2 -0.003 -0.004 93 256 345 0.192 1.00
1.25 +3.8 -3.6 -4.3 -0.003 -0.004 93 256 345 0.192 1.00
1.28 +4.1 -3.3 -4.4 -0.004 -0.005 93 256 345 0.193 1.00
1.32 +4.0 -3.6 -4.3 -0.005 -0.005 93 256 345 0.193 1.00
1.35 +3.8 -4.3 -4.3 -0.006 -0.005 93 256 346 0.193 1.00
1.39 +3.7 -3.5 -4.4 -0.007 -0.005 93 255 346 0.193 1.00
1.42 +3.6 -3.9 -4.4 -0.008 -0.006 93 255 345 0.193 1.00
1.46 +3.4 -3.8 -4.7 -0.009 -0.007 92 255 346 0.193 1.00
1.49 +3.6 -3.7 -4.6 -0.009 -0.007 93 255 346 0.193 1.00
1.53 +3.5 -3.6 -4.6 -0.009 -0.007 93 255 346 0.193 1.00
1.56 +3.9 -3.8 -4.7 -0.009 -0.008 93 255 345 0.193 1.00
1.59 +3.3 -4.6 -4.4 -0.009 -0.008 93 255 345 0.193 1.00
1.62 +3.8 -4.2 -4.4 -0.008 -0.009 93 255 345 0.193 1.00
1.65 +3.5 -4.7 -4.3 -0.008 -0.010 93 255 345 0.193 1.00
1.69 +3.3 -5.0 -4.6 -0.007 -0.013 92 255 345 0.193 1.00
1.72 +2.8 -5.0 -4.4 -0.007 -0.015 91 256 344 0.193 1.00
1.75 +3.6 -5.7 -4.4 -0.005 -0.016 92 256 345 0.192 1.00
1.79 +2.7 -5.3 -4.0 -0.004 -0.016 92 256 344 0.192 1.00
1.82 +3.1 -4.8 -4.6 -0.004 -0.014 89 256 346 0.192 1.00
1.85 +2.9 -5.4 -4.5 -0.003 -0.014 89 256 345 0.189 1.00
1.89 +2.9 -5.5 -4.5 -0.002 -0.014 87 257 345 0.187 1.00
1.92 +3.1 -4.9 -4.5 -0.002 -0.013 88 257 345 0.186 1.00
1.95 +3.2 -5.4 -4.6 -0.001 -0.014 88 257 345 0.185 1.00
1.99 +2.8 -5.6 -4.3 -0.001 -0.018 88 257 344 0.184 1.00
2.02 +2.6 -7.1 -4.4 -0.001 -0.030 89 257 343 0.184 1.00
2.05 +3.1 -9.7 -4.6 -0.001 -0.053 88 258 340 0.184 1.00
2.09 +3.2 -13.0 -4.7 -0.001 -0.085 88 257 340 0.184 1.00
2.12 +3.6 -17.8 -5.2 -0.002 -0.114 89 258 340 0.184 1.00
2.15 +3.4 -19.0 -4.4 -0.003 -0.132 86 257 338 0.184 1.00
2.18 +2.8 -20.8 -4.5 -0.003 -0.139 85 257 337 0.182 1.00
2.22 +3.7 -19.8 -5.3 -0.003 -0.129 88 258 338 0.181 1.00
2.25 +2.7 -16.3 -5.4 -0.002 -0.102 89 258 341 0.182 1.00
2.29 +2.4 -10.9 -4.8 -0.002 -0.058 87 257 343 0.182 1.00
2.32 +2.2 -6.6 -3.9 -0.001 -0.014 91 256 344 0.184 1.00
2.35 +2.5 -1.2 -5.0 -0.001 +0.033 85 257 349 0.182 1.00
2.39 +3.7 +3.6 -4.6 -0.001 +0.076 90 258 351 0.184 1.00
2.42 +3.4 +6.8 -4.5 -0.001 +0.097 85 257 353 0.182 1.00
2.46 +3.4 +7.5 -4.6 -0.001 +0.102 85 256 353 0.180 1.00
2.49 +3.7 +7.4 -4.4 -0.001 +0.098 86 256 353 0.179 1.00
2.52 +3.8 +3.4 -4.3 -0.002 +0.078 91 258 351 0.179 1.00
2.56 +2.6 +0.0 -4.8 -0.002 +0.041 86 256 350 0.179 1.00
2.59 +1.9 -5.7 -4.3 -0.003 -0.007 88 256 344 0.181 1.00
2.62 +1.8 -10.5 -4.8 -0.004 -0.071 87 257 342 0.181 1.00
2.66 +3.3 -19.2 -5.1 -0.005 -0.137 87 258 338 0.182 1.00
2.69 +2.5 -23.6 -4.3 -0.005 -0.186 84 257 335 0.182 1.00
2.72 +1.8 -27.1 -4.1 -0.005 -0.204 86 258 336 0.180 1.00
2.75 +1.9 -27.2 -4.3 -0.003 -0.205 86 258 336 0.180 1.00
2.78 +1.1 -24.3 -4.2 -0.001 -0.188 81 258 336 0.179 1.00
2.82 +2.5 -21.7 -4.3 +0.001 -0.150 85 258 338 0.178 1.00
2.85 +3.4 -15.6 -3.8 +0.003 -0.104 88 258 341 0.177 1.00
2.88 +2.3 -9.7 -4.1 +0.004 -0.049 88 258 343 0.179 1.00
2.92 +3.4 -3.5 -3.6 +0.005 +0.004 91 258 348 0.181 1.00
2.95 +4.0 +2.7 -3.8 +0.005 +0.051 86 257 351 0.182 1.00
2.98 +3.9 +3.8 -4.2 +0.005 +0.081 88 259 352 0.182 1.00
3.02 +4.0 +5.5 -4.2 +0.006 +0.094 88 259 353 0.183 1.00
3.05 +3.6 +6.0 -4.2 +0.005 +0.095 88 259 353 0.183 1.00
3.08 +3.7 +4.4 -4.2 +0.005 +0.083 89 258 353 0.183 1.00
3.12 +3.9 +3.6 -4.1 +0.003 +0.062 87 257 351 0.183 1.00
3.15 +3.3 +1.0 -4.4 +0.002 +0.036 87 257 350 0.182 1.00
3.18 +2.1 -3.4 -4.4 +0.000 +0.007 87 257 348 0.182 1.00
3.22 +1.8 -6.8 -4.1 -0.003 -0.023 88 257 344 0.181 1.00
3.25 +1.6 -10.0 -4.0 -0.005 -0.052 89 257 342 0.183 1.00
3.28 +1.2 -11.4 -4.6 -0.006 -0.067 87 257 342 0.183 1.00
3.32 +2.0 -11.2 -4.3 -0.006 -0.073 91 259 342 0.184 1.00
3.35 +2.2 -11.3 -4.3 -0.006 -0.073 92 259 342 0.187 1.00
3.38 +1.0 -12.3 -4.2 -0.006 -0.070 87 257 343 0.188 1.00
3.43 +0.7 -11.5 -3.9 -0.006 -0.067 87 257 344 0.185 1.00
3.45 +1.1 -11.2 -4.3 -0.006 -0.066 87 257 344 0.183 1.00
3.48 +1.1 -11.2 -4.2 -0.005 -0.065 87 257 344 0.182 1.00
3.52 +1.0 -10.9 -4.1 -0.004 -0.065 87 257 344 0.182 1.00
3.55 +1.2 -11.8 -4.2 -0.004 -0.064 86 258 343 0.181 1.00
3.59 +1.2 -10.7 -4.0 -0.003 -0.063 86 257 344 0.181 1.00
3.62 +1.6 -10.8 -4.0 -0.003 -0.063 87 258 342 0.181 1.00
3.65 +1.3 -11.1 -4.2 -0.003 -0.062 87 258 343 0.181 1.00
3.69 +1.8 -10.3 -4.2 -0.004 -0.060 86 257 343 0.180 1.00
3.72 +2.0 -10.6 -3.9 -0.004 -0.059 86 258 343 0.180 1.00
3.75 +2.0 -10.1 -3.9 -0.005 -0.058 86 257 343 0.180 1.00
3.79 +1.9 -9.3 -4.0 -0.006 -0.056 87 257 342 0.180 1.00
3.82 +2.1 -9.6 -4.0 -0.006 -0.055 87 258 342 0.181 1.00
3.85 +2.0 -9.4 -3.9 -0.006 -0.054 88 257 343 0.181 1.00
3.89 +2.1 -9.4 -3.8 -0.006 -0.053 87 257 342 0.181 1.00
3.92 +2.4 -9.0 -3.9 -0.006 -0.053 87 257 343 0.182 1.00
3.95 +2.4 -9.5 -4.0 -0.006 -0.052 87 257 343 0.182 1.00
3.99 +2.5 -9.3 -3.8 -0.006 -0.051 88 257 343 0.182 1.00
4.02 +2.5 -8.7 -4.1 -0.006 -0.050 88 257 343 0.182 1.00
4.05 +2.1 -9.1 -4.0 -0.007 -0.049 88 257 343 0.182 1.00
4.08 +1.8 -8.1 -4.1 -0.007 -0.046 88 257 344 0.182 1.00
4.12 +1.8 -8.5 -4.2 -0.007 -0.044 88 256 344 0.183 1.00
4.15 +1.6 -8.5 -4.1 -0.006 -0.042 88 257 344 0.183 1.00
4.18 +1.8 -8.2 -4.3 -0.006 -0.041 88 257 344 0.183 1.00
4.22 +1.7 -7.7 -4.1 -0.006 -0.040 88 257 344 0.183 1.00
4.25 +1.9 -7.8 -4.2 -0.006 -0.038 88 256 344 0.183 1.00
4.28 +1.4 -7.6 -4.1 -0.005 -0.036 88 256 344 0.184 1.00
4.32 +2.0 -7.2 -4.4 -0.005 -0.035 88 257 345 0.184 1.00
4.35 +1.4 -7.4 -4.3 -0.005 -0.034 88 256 345 0.183 1.00
4.38 +2.0 -7.1 -4.4 -0.006 -0.034 88 256 345 0.183 1.00
4.42 +1.9 -7.9 -4.4 -0.006 -0.034 88 256 345 0.183 1.00
4.45 +2.3 -8.0 -4.5 -0.007 -0.035 87 257 345 0.183 1.00
4.48 +2.5 -7.1 -4.6 -0.007 -0.036 87 256 345 0.183 1.00
4.52 +1.6 -7.5 -4.7 -0.007 -0.036 87 256 346 0.182 1.00
4.55 +2.4 -7.6 -4.6 -0.007 -0.036 87 256 345 0.182 1.00
4.59 +2.4 -8.0 -4.5 -0.007 -0.036 87 256 345 0.182 1.00
4.62 +2.4 -7.1 -4.7 -0.007 -0.035 88 256 345 0.182 1.00
4.65 +2.9 -7.0 -4.4 -0.006 -0.035 88 257 345 0.183 1.00
4.68 +2.2 -7.1 -4.4 -0.006 -0.034 88 256 346 0.183 1.00
4.72 +2.0 -7.0 -4.5 -0.005 -0.033 87 256 345 0.183 1.00
4.75 +2.6 -6.5 -4.6 -0.004 -0.032 87 257 346 0.182 1.00
4.78 +1.9 -6.8 -3.9 -0.003 -0.031 90 257 345 0.182 1.00
4.82 +2.3 -6.8 -3.8 -0.002 -0.029 91 257 344 0.185 1.00
4.85 +2.0 -6.7 -4.5 -0.001 -0.028 87 257 346 0.186 1.00
4.88 +2.1 -6.0 -4.3 +0.000 -0.028 87 257 346 0.184 1.00
4.92 +1.9 -6.5 -4.3 +0.001 -0.027 87 257 346 0.183 1.00
4.95 +1.8 -7.4 -3.2 +0.002 -0.027 91 258 344 0.182 1.00
4.98 +1.9 -7.8 -3.4 +0.003 -0.027 91 258 344 0.185 1.00
5.02 +2.0 -7.0 -3.6 +0.003 -0.026 91 258 345 0.187 1.00
5.05 +1.9 -7.2 -3.4 +0.003 -0.026 91 258 345 0.188 1.00
5.08 +2.0 -6.8 -4.0 +0.003 -0.026 87 258 346 0.189 1.00
5.12 +1.6 -7.5 -3.1 +0.002 -0.025 91 258 345 0.189 1.00
5.15 +2.0 -6.4 -4.2 +0.002 -0.025 87 258 346 0.186 1.00
5.18 +1.6 -7.1 -4.1 +0.001 -0.024 87 257 346 0.185 1.00
5.22 +1.9 -7.2 -3.2 +0.001 -0.024 91 257 345 0.184 1.00
5.25 +1.8 -6.8 -3.1 +0.000 -0.023 91 257 345 0.186 1.00
5.28 +1.8 -6.2 -4.2 -0.000 -0.023 87 257 347 0.187 1.00
5.32 +2.0 -6.8 -3.2 -0.001 -0.023 92 257 345 0.188 1.00
5.35 +1.6 -6.7 -3.1 -0.001 -0.023 91 257 344 0.189 1.00
5.38 +1.5 -7.1 -3.3 -0.001 -0.023 92 257 345 0.190 1.00
5.42 +1.7 -6.6 -3.2 -0.001 -0.022 91 257 345 0.190 1.00
5.45 +1.6 -7.1 -3.0 -0.001 -0.022 91 257 345 0.190 1.00
5.48 +2.0 -6.6 -3.1 -0.001 -0.022 91 257 345 0.190 1.00
5.52 +1.8 -6.7 -3.1 -0.001 -0.022 92 257 345 0.190 1.00
5.55 +1.7 -6.5 -3.0 -0.001 -0.021 92 257 345 0.191 1.00
5.58 +1.9 -6.9 -3.2 -0.000 -0.022 92 257 345 0.191 1.00
5.62 +1.7 -6.3 -3.3 -0.000 -0.023 91 257 345 0.191 1.00
5.65 +1.7 -6.8 -3.0 +0.000 -0.024 92 257 345 0.191 1.00
5.69 +1.9 -6.6 -3.2 +0.001 -0.024 91 258 344 0.191 1.00
5.72 +1.7 -7.0 -3.1 +0.001 -0.024 92 258 345 0.191 1.00
5.76 +1.9 -6.4 -3.1 +0.002 -0.024 91 258 345 0.191 1.00
5.79 +2.2 -5.8 -4.0 +0.002 -0.024 87 258 347 0.190 1.00
5.82 +1.9 -6.5 -4.0 +0.002 -0.023 87 258 346 0.187 1.00
5.85 +1.8 -6.5 -3.1 +0.002 -0.023 91 258 345 0.184 1.00
5.89 +1.8 -7.0 -3.2 +0.001 -0.024 92 258 345 0.186 1.00
5.92 +2.0 -6.5 -3.2 +0.002 -0.024 91 258 345 0.188 1.00
5.95 +2.0 -7.1 -3.1 +0.002 -0.024 91 258 345 0.189 1.00
5.98 +2.1 -6.4 -3.9 +0.002 -0.024 87 257 346 0.189 1.00
6.02 +1.8 -7.0 -3.0 +0.002 -0.025 91 258 345 0.189 1.00
6.05 +1.8 -6.9 -3.0 +0.001 -0.024 91 258 344 0.190 1.00
6.08 +2.0 -6.9 -3.0 +0.001 -0.025 92 258 345 0.190 1.00
6.12 +2.4 -6.3 -4.1 +0.001 -0.025 87 258 347 0.190 1.00
6.15 +1.6 -6.9 -3.0 -0.000 -0.025 92 258 345 0.191 1.00
6.18 +1.7 -6.5 -2.9 -0.000 -0.024 91 257 345 0.190 1.00
6.22 +1.6 -7.0 -3.1 -0.001 -0.024 92 257 345 0.191 1.00
6.25 +1.5 -7.4 -3.2 -0.000 -0.024 91 257 345 0.190 1.00
6.28 +1.7 -6.9 -3.0 +0.000 -0.023 92 257 345 0.191 1.00
6.32 +1.4 -7.0 -3.2 +0.001 -0.023 91 258 345 0.191 1.00
6.35 +1.7 -6.6 -3.0 +0.001 -0.023 91 257 344 0.191 1.00
6.39 +1.6 -6.6 -3.1 +0.002 -0.023 91 258 345 0.190 1.00
6.42 +1.7 -7.1 -3.1 +0.002 -0.023 91 258 345 0.190 1.00
6.45 +1.8 -6.7 -3.0 +0.003 -0.023 91 258 345 0.190 1.00
6.49 +1.6 -7.3 -3.0 +0.003 -0.023 91 258 345 0.190 1.00
6.52 +1.9 -6.8 -3.0 +0.003 -0.023 92 258 345 0.190 1.00
6.55 +2.2 -6.2 -4.1 +0.003 -0.023 87 258 346 0.190 1.00
6.59 +1.7 -7.0 -3.1 +0.004 -0.023 92 258 345 0.190 1.00
6.62 +1.8 -6.8 -2.8 +0.004 -0.023 91 258 344 0.190 1.00
6.65 +1.7 -6.8 -2.9 +0.005 -0.023 91 258 344 0.190 1.00
6.69 +1.8 -7.0 -2.9 +0.005 -0.023 91 258 345 0.190 1.00
6.72 +1.9 -7.1 -3.2 +0.006 -0.023 91 258 344 0.190 1.00
6.76 +2.0 -7.2 -3.0 +0.005 -0.024 91 258 345 0.190 1.00
6.79 +1.6 -7.2 -3.1 +0.005 -0.024 92 258 345 0.190 1.00
6.82 +1.9 -7.2 -3.2 +0.005 -0.024 91 257 345 0.190 1.00
6.85 +1.8 -6.9 -3.9 +0.004 -0.024 87 258 346 0.190 1.00
6.89 +1.7 -6.6 -3.3 +0.004 -0.025 92 258 345 0.190 1.00
6.92 +1.6 -6.7 -3.2 +0.004 -0.025 92 258 345 0.191 1.00
6.95 +2.1 -6.0 -4.0 +0.004 -0.026 87 258 346 0.191 1.00
6.98 +2.0 -6.7 -3.1 +0.004 -0.026 91 258 344 0.190 1.00
7.02 +1.7 -7.0 -3.3 +0.005 -0.026 92 258 344 0.190 1.00
7.05 +1.8 -6.8 -3.3 +0.005 -0.027 91 258 344 0.190 1.00
7.08 +1.7 -6.4 -3.2 +0.005 -0.027 91 258 344 0.190 1.00
7.12 +1.6 -7.2 -3.2 +0.005 -0.027 91 258 344 0.190 1.00
7.15 +1.9 -7.1 -3.1 +0.005 -0.026 91 258 345 0.190 1.00
7.18 +2.1 -6.7 -3.4 +0.003 -0.027 91 258 345 0.190 1.00
7.22 +1.8 -6.3 -3.2 +0.003 -0.027 91 258 344 0.190 1.00
7.25 +1.8 -6.7 -3.0 +0.003 -0.027 91 258 344 0.190 1.00
7.28 +1.8 -6.7 -3.2 +0.003 -0.027 91 258 345 0.189 1.00
7.32 +1.9 -7.4 -3.2 +0.003 -0.027 91 258 345 0.189 1.00
7.35 +1.6 -7.4 -3.1 +0.003 -0.028 91 258 344 0.189 1.00
7.38 +1.7 -6.8 -3.3 +0.003 -0.028 91 258 344 0.189 1.00
7.42 +1.6 -7.1 -3.1 +0.002 -0.027 91 258 344 0.190 1.00
7.45 +2.1 -6.2 -4.1 +0.002 -0.027 88 258 346 0.189 1.00
7.48 +1.6 -7.6 -3.0 +0.002 -0.028 90 258 344 0.189 1.00
7.52 +2.0 -6.2 -4.1 +0.002 -0.028 87 258 346 0.187 1.00
7.55 +1.9 -7.0 -3.3 +0.002 -0.028 91 258 344 0.187 1.00
7.58 +1.6 -6.9 -3.4 +0.002 -0.027 90 258 344 0.188 1.00
7.62 +1.6 -7.1 -3.1 +0.002 -0.027 91 257 344 0.188 1.00
7.65 +1.9 -7.3 -3.4 +0.002 -0.027 91 258 345 0.188 1.00
7.68 +1.8 -7.3 -3.0 +0.002 -0.028 91 258 344 0.188 1.00
7.72 +1.8 -7.9 -3.4 +0.002 -0.027 91 258 345 0.189 1.00
7.75 +2.2 -6.7 -4.1 +0.002 -0.028 87 258 346 0.189 1.00
7.79 +1.8 -7.2 -3.3 +0.002 -0.028 90 258 345 0.188 1.00
7.83 +1.7 -6.7 -3.1 +0.002 -0.027 91 258 344 0.188 1.00
7.86 +1.7 -6.7 -3.3 +0.002 -0.027 91 258 345 0.188 1.00
7.89 +1.8 -7.4 -3.4 +0.002 -0.027 90 258 344 0.188 1.00
7.92 +1.5 -7.9 -3.3 +0.002 -0.027 91 258 345 0.189 1.00
7.95 +2.1 -7.2 -4.1 +0.002 -0.028 88 258 346 0.188 1.00
7.99 +2.1 -6.4 -4.3 +0.001 -0.027 87 258 346 0.186 1.00
8.02 +1.7 -7.4 -3.2 +0.001 -0.027 90 257 345 0.185 1.00
