v2 t yaw pitch roll pos_x pos_y w cx cy size score
0.02 +2.3 -5.1 -4.0 +0.000 +0.000 87 259 349 0.181 1.00
0.05 +2.1 -5.2 -4.2 -0.000 -0.000 87 259 348 0.181 1.00
0.08 +2.4 -5.0 -4.1 -0.000 -0.000 87 259 349 0.181 1.00
0.12 +2.4 -5.0 -3.9 +0.000 +0.000 88 259 348 0.182 1.00
0.15 +1.8 -5.5 -4.2 -0.000 +0.000 87 259 348 0.182 1.00
0.18 +2.2 -4.9 -4.1 -0.001 +0.000 87 259 348 0.181 1.00
0.22 +2.3 -4.7 -4.2 -0.001 +0.000 87 258 349 0.181 1.00
0.25 +2.1 -4.7 -4.2 -0.001 +0.000 87 259 348 0.181 1.00
0.28 +2.2 -4.7 -4.2 -0.002 +0.000 87 258 349 0.181 1.00
0.32 +2.1 -4.7 -4.2 -0.002 +0.000 87 259 349 0.181 1.00
0.35 +2.3 -5.0 -4.2 -0.003 +0.001 87 258 349 0.181 1.00
0.38 +2.0 -4.7 -4.3 -0.003 +0.000 87 258 349 0.181 1.00
0.42 +2.0 -4.5 -3.9 -0.004 -0.001 87 259 349 0.181 1.00
0.45 +2.2 -4.8 -4.0 -0.004 -0.001 87 258 349 0.181 1.00
0.48 +2.0 -4.8 -4.2 -0.005 -0.002 87 258 349 0.181 1.00
0.52 +2.1 -4.5 -4.1 -0.005 -0.002 87 258 349 0.181 1.00
0.55 +1.9 -4.4 -4.0 -0.006 -0.002 86 258 349 0.181 1.00
0.58 +1.9 -4.9 -4.2 -0.006 -0.001 87 258 349 0.181 1.00
0.62 +1.7 -4.6 -4.3 -0.006 -0.002 87 258 349 0.181 1.00
0.65 +1.9 -4.7 -4.2 -0.006 -0.002 86 258 349 0.181 1.00
0.68 +1.6 -4.3 -4.3 -0.006 -0.001 87 258 349 0.181 1.00
0.72 +1.6 -4.1 -4.1 -0.006 -0.001 87 258 349 0.181 1.00
0.75 +1.5 -4.2 -4.2 -0.007 -0.001 87 258 349 0.181 1.00
0.78 +1.8 -4.3 -4.1 -0.007 -0.002 87 258 349 0.181 1.00
0.82 +2.3 -4.7 -4.4 -0.008 -0.002 87 258 349 0.181 1.00
0.85 +1.6 -4.8 -4.3 -0.008 -0.002 88 258 349 0.181 1.00
0.88 +1.8 -4.7 -4.5 -0.009 -0.002 87 257 349 0.182 1.00
0.92 +1.9 -4.2 -4.2 -0.009 -0.002 88 257 349 0.182 1.00
0.95 +2.1 -4.5 -4.4 -0.009 -0.003 88 257 349 0.182 1.00
0.98 +1.9 -5.2 -4.3 -0.008 -0.003 88 257 349 0.183 1.00
1.02 +1.8 -4.7 -4.2 -0.008 -0.003 87 258 349 0.183 1.00
1.05 +1.6 -4.7 -4.4 -0.007 -0.002 87 257 349 0.182 1.00
1.09 +1.6 -5.5 -4.3 -0.007 -0.002 88 258 349 0.182 1.00
1.12 +1.9 -5.2 -4.4 -0.008 -0.001 88 257 349 0.182 1.00
1.15 +1.5 -4.9 -4.3 -0.007 -0.000 87 257 350 0.182 1.00
1.18 +1.2 -5.0 -4.3 -0.008 +0.000 87 257 350 0.182 1.00
1.22 +1.3 -5.6 -4.3 -0.007 -0.001 87 257 349 0.182 1.00
1.25 +1.6 -4.8 -4.2 -0.008 -0.001 87 257 349 0.182 1.00
1.28 +1.9 -4.6 -4.1 -0.007 -0.001 87 258 349 0.182 1.00
1.32 +1.6 -4.1 -4.2 -0.007 -0.001 88 257 349 0.182 1.00
1.35 +1.8 -4.3 -4.3 -0.007 -0.001 88 257 349 0.182 1.00
1.38 +1.6 -4.9 -4.3 -0.008 +0.002 87 257 350 0.182 1.00
1.42 +1.0 -3.7 -4.1 -0.009 +0.005 87 256 350 0.182 1.00
1.45 +0.6 -4.1 -4.4 -0.011 +0.006 88 256 350 0.182 1.00
1.48 +0.4 -3.6 -4.4 -0.012 +0.006 88 256 350 0.182 1.00
1.53 +0.6 -3.5 -4.4 -0.013 +0.005 88 256 350 0.182 1.00
1.56 +0.7 -4.3 -4.4 -0.013 +0.005 87 256 350 0.182 1.00
1.58 +0.7 -3.5 -4.4 -0.014 +0.004 87 255 350 0.182 1.00
1.62 +0.7 -4.7 -4.6 -0.014 +0.003 87 256 350 0.182 1.00
1.65 +0.5 -4.0 -4.4 -0.014 +0.002 88 256 350 0.182 1.00
1.68 +0.4 -4.2 -4.4 -0.014 +0.002 88 255 350 0.182 1.00
1.72 +0.4 -3.9 -4.2 -0.014 +0.004 87 255 350 0.182 1.00
1.75 +0.6 -3.9 -4.5 -0.014 +0.008 87 255 350 0.182 1.00
1.78 +0.1 -3.8 -4.6 -0.014 +0.010 88 255 350 0.182 1.00
1.82 +0.3 -3.1 -4.5 -0.014 +0.010 87 255 350 0.182 1.00
1.85 -0.2 -3.0 -4.3 -0.014 +0.010 87 255 350 0.182 1.00
1.88 +0.1 -3.5 -4.4 -0.014 +0.009 87 255 350 0.182 1.00
1.92 -0.1 -3.7 -4.8 -0.014 +0.007 87 255 350 0.182 1.00
1.95 +0.1 -4.0 -4.6 -0.014 +0.006 87 256 350 0.182 1.00
1.98 +0.1 -4.0 -4.7 -0.014 +0.007 87 255 350 0.182 1.00
2.02 +0.6 -3.4 -4.7 -0.013 +0.008 87 256 350 0.181 1.00
2.05 +0.3 -4.1 -4.6 -0.013 +0.008 87 256 350 0.181 1.00
2.09 +0.4 -3.6 -4.5 -0.013 +0.009 87 256 350 0.181 1.00
2.12 +0.4 -3.2 -4.4 -0.013 +0.012 87 256 350 0.181 1.00
2.15 +0.3 -3.5 -4.2 -0.013 +0.013 87 255 350 0.182 1.00
2.18 +0.4 -2.6 -4.2 -0.013 +0.013 88 255 351 0.182 1.00
2.22 -0.0 -4.3 -4.2 -0.013 +0.012 88 256 351 0.182 1.00
2.25 +0.1 -4.0 -4.4 -0.013 +0.012 87 256 351 0.182 1.00
2.28 +0.4 -3.6 -4.5 -0.013 +0.010 86 256 350 0.182 1.00
2.32 +0.1 -3.7 -4.4 -0.013 +0.010 86 256 350 0.181 1.00
2.35 +0.6 -3.6 -4.4 -0.013 +0.010 87 256 350 0.181 1.00
2.38 +1.0 -3.2 -4.1 -0.012 +0.012 87 256 350 0.181 1.00
2.42 +0.7 -3.6 -4.2 -0.011 +0.013 87 256 350 0.181 1.00
2.45 +0.9 -4.0 -4.4 -0.010 +0.013 86 256 350 0.181 1.00
2.48 +1.4 -3.1 -4.5 -0.010 +0.013 87 257 350 0.181 1.00
2.52 +1.2 -2.8 -4.4 -0.009 +0.012 87 257 350 0.181 1.00
2.55 +0.6 -3.0 -4.2 -0.009 +0.012 87 257 350 0.181 1.00
2.58 +0.3 -2.6 -4.3 -0.008 +0.011 87 257 350 0.181 1.00
2.62 +0.6 -3.4 -4.0 -0.007 +0.010 87 257 350 0.181 1.00
2.65 +1.1 -3.0 -4.2 -0.007 +0.010 87 257 350 0.181 1.00
2.68 +1.6 -3.7 -4.1 -0.007 +0.009 87 257 350 0.181 1.00
2.72 +1.2 -4.1 -4.3 -0.007 +0.008 87 257 350 0.181 1.00
2.75 +1.4 -4.1 -4.2 -0.007 +0.008 87 257 350 0.181 1.00
2.78 +1.6 -4.4 -4.1 -0.007 +0.007 87 258 350 0.181 1.00
2.82 +1.2 -4.0 -4.3 -0.007 +0.007 87 257 350 0.181 1.00
2.85 +0.9 -4.7 -4.1 -0.007 +0.006 87 257 350 0.181 1.00
2.88 +1.8 -3.8 -4.3 -0.007 +0.005 87 257 350 0.181 1.00
2.92 +1.6 -4.4 -4.4 -0.007 +0.005 87 257 350 0.181 1.00
2.95 +1.5 -4.1 -4.3 -0.007 +0.005 87 257 350 0.181 1.00
2.98 +1.6 -4.0 -4.2 -0.007 +0.004 87 258 349 0.181 1.00
3.02 +1.5 -3.8 -4.2 -0.007 +0.004 87 257 350 0.181 1.00
3.05 +1.4 -3.6 -4.2 -0.007 +0.006 87 257 350 0.181 1.00
3.08 +1.1 -3.9 -4.4 -0.008 +0.008 87 257 350 0.181 1.00
3.12 +1.3 -4.3 -4.5 -0.008 +0.009 87 257 350 0.181 1.00
3.15 +1.2 -4.6 -4.5 -0.008 +0.007 87 257 350 0.181 1.00
3.18 +1.2 -4.6 -4.5 -0.008 +0.006 87 257 350 0.181 1.00
3.22 +1.5 -4.4 -4.4 -0.008 +0.006 87 257 350 0.181 1.00
3.25 +1.3 -3.6 -4.1 -0.007 +0.005 87 257 350 0.181 1.00
3.28 +1.5 -4.1 -4.1 -0.007 +0.006 87 257 350 0.181 1.00
3.32 +1.7 -4.3 -4.1 -0.006 +0.006 88 257 349 0.181 1.00
3.35 +1.8 -4.7 -4.2 -0.006 +0.004 87 257 349 0.182 1.00
3.38 +2.2 -4.5 -4.0 -0.003 +0.000 87 258 349 0.182 1.00
3.42 +3.0 -5.5 -3.8 +0.004 -0.005 88 258 348 0.182 1.00
3.45 +4.4 -6.0 -3.8 +0.017 -0.013 86 259 348 0.182 1.00
3.48 +6.3 -6.5 -3.3 +0.037 -0.020 87 261 347 0.181 1.00
3.52 +9.3 -6.9 -3.2 +0.056 -0.028 87 261 344 0.181 1.00
3.55 +10.9 -8.2 -3.1 +0.072 -0.034 86 262 343 0.181 1.00
3.58 +14.0 -8.1 -3.0 +0.081 -0.037 88 261 342 0.181 1.00
3.62 +14.4 -8.7 -2.8 +0.087 -0.038 89 261 342 0.182 1.00
3.65 +15.5 -9.0 -2.5 +0.090 -0.039 90 261 342 0.183 1.00
3.68 +14.7 -9.8 -2.5 +0.092 -0.040 89 261 343 0.184 1.00
3.72 +14.7 -9.8 -2.3 +0.094 -0.042 89 261 343 0.185 1.00
3.75 +14.6 -10.4 -2.1 +0.094 -0.043 89 261 342 0.185 1.00
3.78 +14.2 -10.2 -2.6 +0.095 -0.044 89 262 342 0.185 1.00
3.82 +14.9 -11.1 -1.9 +0.096 -0.045 89 261 342 0.186 1.00
3.85 +14.2 -11.3 -2.1 +0.096 -0.047 89 262 343 0.186 1.00
3.88 +14.2 -11.4 -2.1 +0.096 -0.047 88 262 342 0.185 1.00
3.92 +14.5 -11.2 -2.1 +0.096 -0.047 89 262 342 0.185 1.00
3.95 +15.3 -10.3 -2.1 +0.096 -0.045 90 262 342 0.185 1.00
3.98 +14.2 -10.3 -2.2 +0.096 -0.044 88 262 343 0.185 1.00
4.01 +14.1 -10.3 -2.3 +0.097 -0.043 88 262 342 0.185 1.00
4.05 +15.3 -10.0 -2.2 +0.097 -0.043 89 262 342 0.184 1.00
4.08 +15.3 -10.0 -2.1 +0.097 -0.043 90 262 342 0.185 1.00
4.12 +14.7 -10.2 -2.3 +0.098 -0.044 88 263 342 0.185 1.00
4.15 +15.0 -10.4 -2.3 +0.098 -0.044 89 262 342 0.185 1.00
4.19 +14.4 -10.2 -2.4 +0.098 -0.044 89 263 342 0.185 1.00
4.22 +14.9 -9.6 -2.4 +0.097 -0.043 89 262 342 0.185 1.00
4.25 +14.7 -9.7 -2.4 +0.097 -0.043 89 262 342 0.185 1.00
4.28 +14.2 -9.8 -2.4 +0.097 -0.044 89 262 342 0.185 1.00
4.32 +14.5 -9.9 -2.4 +0.097 -0.044 89 262 342 0.185 1.00
4.35 +14.3 -10.0 -2.4 +0.097 -0.044 89 262 342 0.185 1.00
4.38 +14.1 -9.8 -2.5 +0.097 -0.044 89 262 342 0.185 1.00
4.42 +14.4 -9.5 -2.6 +0.096 -0.044 89 262 342 0.185 1.00
4.45 +15.1 -9.5 -2.2 +0.096 -0.045 89 262 341 0.185 1.00
4.48 +14.1 -9.9 -2.6 +0.095 -0.045 89 262 342 0.185 1.00
4.52 +14.2 -9.5 -2.5 +0.095 -0.044 88 262 342 0.185 1.00
4.55 +14.5 -10.0 -2.4 +0.095 -0.044 88 262 342 0.185 1.00
4.58 +14.6 -9.3 -2.6 +0.095 -0.044 88 262 342 0.184 1.00
4.62 +14.9 -9.5 -2.5 +0.094 -0.045 89 262 342 0.184 1.00
4.65 +14.5 -9.2 -2.8 +0.094 -0.045 88 262 342 0.184 1.00
4.68 +14.7 -9.6 -2.5 +0.094 -0.046 88 262 342 0.184 1.00
4.72 +14.2 -9.4 -2.6 +0.094 -0.046 88 262 341 0.184 1.00
4.75 +14.7 -9.6 -2.4 +0.094 -0.046 89 262 341 0.184 1.00
4.78 +13.3 -10.5 -2.6 +0.094 -0.047 88 262 342 0.184 1.00
4.82 +14.4 -10.0 -2.6 +0.094 -0.047 89 262 342 0.184 1.00
4.85 +14.9 -8.9 -2.7 +0.094 -0.047 89 262 341 0.184 1.00
4.88 +14.9 -9.1 -2.4 +0.093 -0.046 89 262 341 0.185 1.00
4.92 +14.8 -8.7 -2.7 +0.093 -0.046 89 262 341 0.185 1.00
4.95 +15.1 -8.5 -2.8 +0.092 -0.046 89 262 341 0.185 1.00
4.98 +15.8 -7.6 -3.0 +0.092 -0.046 90 262 341 0.186 1.00
5.02 +14.9 -8.7 -2.7 +0.092 -0.045 89 262 341 0.186 1.00
5.05 +15.2 -8.4 -3.1 +0.092 -0.045 90 262 342 0.186 1.00
5.08 +15.3 -7.9 -2.8 +0.092 -0.044 89 262 341 0.186 1.00
5.12 +15.7 -8.1 -3.0 +0.091 -0.044 89 262 341 0.186 1.00
5.15 +14.9 -8.7 -2.8 +0.091 -0.041 89 262 341 0.186 1.00
5.18 +14.9 -8.6 -2.9 +0.091 -0.038 89 262 341 0.186 1.00
5.21 +14.7 -7.2 -3.4 +0.090 -0.032 90 262 342 0.186 1.00
5.25 +14.3 -6.0 -3.7 +0.089 -0.021 89 262 343 0.186 1.00
5.28 +13.5 -3.4 -3.7 +0.089 -0.005 88 263 345 0.186 1.00
5.31 +11.6 -1.9 -3.6 +0.088 +0.017 89 264 349 0.186 1.00
5.35 +11.5 +2.1 -3.8 +0.088 +0.039 88 264 350 0.185 1.00
5.38 +12.1 +3.9 -4.1 +0.088 +0.056 87 263 350 0.184 1.00
5.41 +12.0 +4.7 -4.5 +0.089 +0.066 87 264 352 0.183 1.00
5.45 +12.2 +5.6 -4.3 +0.090 +0.073 87 264 352 0.183 1.00
5.48 +11.9 +6.6 -4.4 +0.090 +0.077 87 264 352 0.182 1.00
5.52 +12.3 +6.3 -4.3 +0.091 +0.078 88 265 353 0.182 1.00
5.55 +12.4 +6.0 -4.0 +0.092 +0.079 88 265 352 0.182 1.00
5.58 +12.4 +6.0 -4.1 +0.092 +0.080 88 265 352 0.183 1.00
5.61 +12.5 +5.6 -4.0 +0.092 +0.080 88 265 353 0.183 1.00
5.65 +12.3 +6.3 -4.2 +0.092 +0.079 89 265 352 0.183 1.00
5.68 +12.7 +6.0 -4.2 +0.093 +0.078 88 265 352 0.183 1.00
5.73 +12.7 +5.4 -4.1 +0.092 +0.078 89 265 353 0.184 1.00
5.75 +12.4 +5.4 -4.1 +0.092 +0.078 89 265 352 0.184 1.00
5.78 +12.3 +5.9 -4.1 +0.093 +0.078 88 265 352 0.184 1.00
5.81 +12.6 +5.3 -3.9 +0.093 +0.078 89 266 353 0.185 1.00
5.85 +12.5 +5.9 -4.0 +0.094 +0.078 89 265 352 0.185 1.00
5.88 +12.4 +5.7 -3.8 +0.094 +0.078 88 266 352 0.185 1.00
5.91 +12.5 +5.6 -4.0 +0.095 +0.079 89 265 353 0.185 1.00
5.97 +12.7 +5.4 -3.7 +0.096 +0.079 90 266 353 0.185 1.00
6.00 +12.3 +5.5 -3.6 +0.096 +0.079 89 266 353 0.185 1.00
6.02 +12.7 +6.0 -4.0 +0.097 +0.080 88 266 353 0.185 1.00
6.06 +13.3 +5.4 -3.9 +0.098 +0.080 89 266 353 0.185 1.00
6.08 +12.8 +5.7 -3.8 +0.098 +0.079 88 267 353 0.185 1.00
6.12 +13.1 +5.2 -3.6 +0.099 +0.079 88 267 353 0.185 1.00
6.15 +13.1 +5.2 -3.7 +0.099 +0.079 88 267 353 0.184 1.00
6.18 +13.0 +5.7 -3.6 +0.100 +0.079 88 267 353 0.184 1.00
6.22 +13.3 +5.2 -3.6 +0.100 +0.079 89 266 352 0.184 1.00
6.26 +13.3 +5.0 -3.7 +0.100 +0.079 88 266 352 0.184 1.00
6.29 +13.6 +5.1 -3.8 +0.101 +0.079 88 267 353 0.184 1.00
6.32 +13.6 +5.4 -3.7 +0.101 +0.079 88 267 352 0.184 1.00
6.35 +13.3 +5.8 -3.6 +0.101 +0.079 88 267 353 0.184 1.00
6.38 +13.7 +5.4 -3.7 +0.101 +0.078 88 267 352 0.184 1.00
6.41 +13.8 +5.1 -3.8 +0.101 +0.078 88 267 352 0.184 1.00
6.45 +13.8 +5.0 -3.7 +0.101 +0.078 88 267 352 0.184 1.00
6.48 +13.9 +5.6 -3.7 +0.101 +0.078 88 266 352 0.183 1.00
6.52 +13.8 +5.2 -3.7 +0.102 +0.078 87 267 352 0.183 1.00
6.55 +13.9 +4.7 -3.6 +0.102 +0.078 87 267 352 0.183 1.00
6.58 +13.9 +4.9 -3.6 +0.102 +0.078 87 267 352 0.182 1.00
6.61 +14.0 +5.2 -3.7 +0.102 +0.078 88 267 353 0.182 1.00
6.65 +13.8 +4.9 -3.5 +0.101 +0.077 88 266 353 0.182 1.00
6.68 +13.3 +5.1 -3.6 +0.102 +0.077 88 267 353 0.183 1.00
6.71 +13.5 +4.6 -3.5 +0.101 +0.076 88 267 352 0.183 1.00
6.75 +13.2 +4.8 -3.6 +0.101 +0.076 88 267 352 0.183 1.00
6.78 +13.6 +5.0 -3.7 +0.100 +0.076 88 266 353 0.183 1.00
6.81 +13.5 +4.3 -3.6 +0.100 +0.076 88 267 352 0.183 1.00
6.85 +13.7 +3.9 -3.8 +0.099 +0.076 88 267 352 0.183 1.00
6.88 +13.6 +5.0 -3.9 +0.099 +0.075 88 266 352 0.184 1.00
6.91 +13.3 +4.5 -3.6 +0.099 +0.075 88 267 352 0.184 1.00
6.95 +13.3 +4.5 -3.6 +0.098 +0.075 89 267 353 0.184 1.00
6.98 +13.1 +4.5 -3.7 +0.098 +0.075 88 266 352 0.184 1.00
7.01 +13.2 +4.5 -3.6 +0.098 +0.075 88 267 352 0.184 1.00
7.05 +12.9 +4.2 -3.8 +0.098 +0.075 87 267 352 0.184 1.00
7.08 +13.1 +4.1 -3.7 +0.097 +0.075 89 266 352 0.184 1.00
7.11 +12.8 +4.2 -3.6 +0.097 +0.074 88 267 353 0.184 1.00
7.15 +12.7 +4.4 -3.6 +0.096 +0.073 88 266 353 0.184 1.00
7.18 +12.6 +4.5 -3.7 +0.096 +0.072 88 266 352 0.184 1.00
7.21 +12.8 +4.7 -3.9 +0.096 +0.072 88 266 352 0.183 1.00
7.25 +12.7 +4.5 -3.7 +0.096 +0.072 88 266 352 0.183 1.00
7.28 +12.7 +4.4 -3.8 +0.096 +0.071 88 266 352 0.183 1.00
7.31 +12.7 +4.1 -3.8 +0.096 +0.071 88 266 352 0.183 1.00
7.35 +12.7 +4.4 -3.7 +0.096 +0.070 88 266 352 0.183 1.00
7.38 +12.7 +4.1 -3.8 +0.096 +0.070 87 266 352 0.183 1.00
7.41 +12.9 +4.8 -3.9 +0.096 +0.070 88 266 352 0.183 1.00
7.45 +12.2 +5.0 -3.8 +0.095 +0.070 87 266 352 0.183 1.00
7.48 +11.8 +5.3 -4.1 +0.092 +0.069 87 265 351 0.183 1.00
7.52 +10.1 +5.1 -4.4 +0.087 +0.067 87 263 351 0.182 1.00
7.55 +7.0 +5.4 -4.4 +0.069 +0.064 87 263 351 0.182 1.00
7.58 +4.7 +3.6 -3.8 +0.044 +0.063 88 262 352 0.182 1.00
7.61 +2.3 +3.2 -3.7 +0.014 +0.064 85 259 353 0.182 1.00
7.65 +0.4 +4.2 -3.8 -0.013 +0.066 86 257 353 0.181 1.00
7.68 -3.0 +4.6 -3.8 -0.036 +0.068 91 257 352 0.181 1.00
7.72 -6.4 +5.2 -4.1 -0.056 +0.070 89 256 353 0.183 1.00
7.75 -8.1 +5.4 -3.9 -0.073 +0.073 91 254 353 0.185 1.00
7.78 -9.7 +5.6 -3.7 -0.082 +0.075 91 253 352 0.187 1.00
7.81 -10.0 +5.5 -3.7 -0.087 +0.076 91 253 353 0.188 1.00
7.85 -10.6 +5.7 -3.7 -0.089 +0.077 91 252 353 0.189 1.00
7.88 -10.4 +5.8 -4.0 -0.090 +0.077 91 252 353 0.190 1.00
7.91 -10.5 +5.8 -3.9 -0.090 +0.077 92 252 353 0.190 1.00
7.95 -10.6 +5.8 -4.1 -0.090 +0.077 91 252 353 0.190 1.00
7.98 -10.3 +5.8 -4.1 -0.089 +0.077 91 252 353 0.190 1.00
8.01 -10.2 +6.2 -3.9 -0.089 +0.077 91 252 353 0.190 1.00
8.05 -10.4 +6.1 -4.0 -0.089 +0.078 91 252 353 0.190 1.00
8.08 -10.6 +5.9 -4.1 -0.089 +0.078 91 252 353 0.190 1.00
8.11 -10.4 +5.5 -4.3 -0.089 +0.077 91 252 353 0.190 1.00
8.15 -10.4 +6.0 -3.9 -0.089 +0.077 91 252 353 0.189 1.00
8.18 -10.6 +5.1 -4.2 -0.089 +0.076 91 252 352 0.189 1.00
8.21 -9.9 +4.7 -4.3 -0.089 +0.076 91 252 352 0.190 1.00
8.25 -10.3 +5.0 -4.4 -0.088 +0.075 91 252 352 0.190 1.00
8.28 -10.0 +4.7 -4.5 -0.089 +0.075 91 252 352 0.190 1.00
8.32 -10.0 +4.7 -4.3 -0.089 +0.075 91 252 352 0.190 1.00
8.36 -10.0 +5.0 -4.5 -0.090 +0.075 91 252 352 0.190 1.00
8.39 -10.4 +4.5 -4.5 -0.090 +0.075 91 252 352 0.190 1.00
8.42 -9.9 +4.9 -4.4 -0.090 +0.075 91 252 352 0.190 1.00
8.45 -10.3 +4.3 -4.6 -0.090 +0.075 91 252 352 0.190 1.00
8.48 -10.1 +4.8 -4.6 -0.090 +0.075 91 252 352 0.190 1.00
8.51 -10.0 +4.3 -4.6 -0.091 +0.074 91 252 352 0.190 1.00
8.55 -10.1 +4.4 -4.6 -0.091 +0.074 91 252 352 0.190 1.00
8.58 -10.6 +4.5 -4.4 -0.092 +0.073 91 252 352 0.190 1.00
8.61 -10.7 +5.2 -4.2 -0.093 +0.074 92 252 352 0.190 1.00
8.65 -10.7 +4.7 -4.2 -0.094 +0.074 92 252 352 0.190 1.00
8.68 -10.6 +4.4 -4.3 -0.094 +0.074 92 252 352 0.191 1.00
8.71 -10.9 +4.9 -4.4 -0.094 +0.073 92 252 352 0.191 1.00
8.75 -10.8 +5.3 -4.4 -0.094 +0.073 92 251 353 0.191 1.00
8.78 -10.5 +5.4 -4.4 -0.094 +0.074 92 252 353 0.192 1.00
8.81 -10.8 +5.1 -4.4 -0.093 +0.073 92 251 353 0.192 1.00
8.85 -10.6 +5.0 -4.3 -0.094 +0.073 92 251 353 0.192 1.00
8.88 -11.0 +4.9 -4.3 -0.094 +0.072 92 251 352 0.192 1.00
8.92 -10.9 +4.9 -4.6 -0.094 +0.072 92 251 352 0.192 1.00
8.95 -11.5 +4.8 -4.5 -0.094 +0.072 92 251 353 0.192 1.00
8.98 -10.8 +4.7 -4.7 -0.094 +0.072 92 251 353 0.192 1.00
9.01 -10.8 +4.9 -4.7 -0.094 +0.072 93 251 352 0.192 1.00
9.05 -10.6 +4.4 -4.7 -0.095 +0.071 92 251 353 0.192 1.00
9.08 -11.2 +4.6 -4.6 -0.095 +0.071 92 251 352 0.192 1.00
9.11 -11.2 +4.7 -4.8 -0.096 +0.071 93 251 353 0.192 1.00
9.15 -11.1 +4.0 -4.6 -0.096 +0.071 92 251 352 0.192 1.00
9.18 -11.2 +4.8 -4.9 -0.096 +0.069 92 251 353 0.192 1.00
9.21 -11.2 +4.8 -4.8 -0.096 +0.069 92 251 352 0.192 1.00
9.25 -10.8 +4.5 -4.7 -0.096 +0.068 92 251 352 0.193 1.00
9.28 -11.3 +4.7 -4.8 -0.097 +0.068 92 251 352 0.192 1.00
9.31 -11.0 +3.5 -4.7 -0.097 +0.067 92 251 352 0.192 1.00
9.35 -11.0 +4.6 -4.9 -0.097 +0.067 92 251 352 0.192 1.00
9.38 -11.2 +4.2 -4.9 -0.097 +0.066 92 251 352 0.192 1.00
9.41 -11.0 +4.4 -5.0 -0.097 +0.067 92 250 352 0.192 1.00
9.45 -11.2 +4.5 -5.0 -0.097 +0.066 92 250 353 0.192 1.00
9.48 -11.1 +3.8 -5.0 -0.096 +0.066 92 251 353 0.192 1.00
9.51 -11.3 +3.8 -5.1 -0.096 +0.066 92 251 352 0.192 1.00
9.55 -11.2 +4.6 -4.8 -0.096 +0.065 92 251 352 0.192 1.00
9.58 -10.9 +4.0 -4.7 -0.096 +0.065 92 251 352 0.192 1.00
9.61 -10.8 +3.8 -5.0 -0.096 +0.064 92 250 352 0.192 1.00
9.65 -11.0 +4.0 -4.9 -0.096 +0.065 92 250 352 0.192 1.00
9.68 -11.1 +4.0 -5.0 -0.096 +0.064 92 251 352 0.192 1.00
9.71 -11.2 +3.3 -5.1 -0.096 +0.064 92 250 353 0.192 1.00
9.75 -11.2 +3.2 -4.8 -0.096 +0.064 92 250 352 0.191 1.00
9.78 -11.2 +3.3 -5.0 -0.096 +0.064 92 250 352 0.191 1.00
9.81 -11.2 +4.2 -4.8 -0.096 +0.064 92 251 352 0.191 1.00
9.85 -11.0 +3.5 -4.9 -0.096 +0.064 91 251 352 0.191 1.00
9.88 -11.2 +3.8 -5.1 -0.096 +0.064 92 251 352 0.191 1.00
9.91 -10.8 +3.3 -5.1 -0.096 +0.064 92 250 352 0.191 1.00
9.95 -10.4 +2.9 -5.0 -0.094 +0.066 91 251 353 0.191 1.00
9.98 -10.3 +2.9 -4.9 -0.094 +0.066 92 251 353 0.191 1.00
10.01 -10.5 +3.5 -4.9 -0.093 +0.065 91 251 353 0.191 1.00
10.05 -10.0 +2.7 -4.9 -0.092 +0.064 91 251 352 0.191 1.00
10.08 -8.5 +2.8 -4.9 -0.088 +0.062 91 251 351 0.191 1.00
10.11 -7.0 +2.5 -4.6 -0.081 +0.059 90 252 351 0.190 1.00
10.15 -4.7 +2.3 -4.7 -0.070 +0.059 89 253 351 0.189 1.00
10.18 -2.3 +2.8 -4.2 -0.055 +0.059 96 253 351 0.189 1.00
10.21 -0.3 +2.2 -4.2 -0.040 +0.059 94 255 351 0.192 1.00
10.25 +0.4 +1.3 -4.5 -0.024 +0.060 88 257 352 0.194 1.00
10.28 +2.0 +1.3 -4.5 -0.012 +0.061 89 259 352 0.191 1.00
10.31 +2.6 +1.3 -4.3 -0.007 +0.062 89 259 352 0.189 1.00
10.35 +3.0 +0.9 -4.0 -0.003 +0.062 89 260 352 0.187 1.00
10.38 +2.8 +0.7 -4.0 -0.001 +0.062 89 260 351 0.187 1.00
10.42 +3.2 +0.7 -3.9 +0.000 +0.063 89 260 351 0.186 1.00
10.45 +2.9 +0.7 -3.7 +0.002 +0.063 89 260 352 0.186 1.00
10.49 +2.8 +1.0 -3.6 +0.003 +0.065 89 260 352 0.186 1.00
10.52 +3.3 +2.6 -3.5 +0.004 +0.067 85 259 352 0.186 1.00
10.55 +3.4 +3.0 -3.2 +0.005 +0.068 85 259 353 0.183 1.00
10.58 +3.5 +1.6 -3.6 +0.006 +0.069 89 261 352 0.181 1.00
10.61 +3.8 +3.7 -3.5 +0.006 +0.070 85 259 353 0.179 1.00
10.65 +3.5 +1.9 -3.7 +0.006 +0.071 89 261 352 0.182 1.00
10.68 +3.3 +2.3 -3.8 +0.006 +0.072 88 261 352 0.183 1.00
10.71 +3.8 +2.9 -3.9 +0.005 +0.073 89 261 352 0.184 1.00
10.75 +3.6 +2.9 -3.8 +0.005 +0.074 89 261 352 0.184 1.00
10.78 +3.5 +2.6 -3.8 +0.005 +0.074 89 261 352 0.185 1.00
10.81 +3.7 +2.7 -3.8 +0.005 +0.074 89 261 352 0.185 1.00
10.85 +3.2 +2.1 -3.7 +0.004 +0.074 89 261 352 0.185 1.00
10.88 +3.1 +2.1 -3.7 +0.004 +0.074 89 261 353 0.185 1.00
10.91 +3.4 +2.3 -3.8 +0.004 +0.074 89 261 352 0.185 1.00
10.95 +3.6 +2.9 -3.7 +0.005 +0.074 89 261 352 0.185 1.00
10.98 +3.5 +2.9 -3.8 +0.005 +0.074 89 261 352 0.185 1.00
11.01 +3.5 +2.7 -3.9 +0.005 +0.075 89 261 352 0.186 1.00
11.05 +3.5 +3.1 -3.8 +0.006 +0.076 88 261 352 0.185 1.00
11.08 +3.3 +2.8 -3.6 +0.005 +0.076 89 261 353 0.185 1.00
11.11 +3.4 +3.0 -3.8 +0.005 +0.076 89 261 352 0.185 1.00
11.15 +3.6 +3.3 -4.1 +0.005 +0.076 89 261 353 0.185 1.00
11.18 +3.4 +3.1 -3.8 +0.005 +0.077 89 261 352 0.186 1.00
11.21 +3.4 +3.0 -4.0 +0.004 +0.077 89 261 352 0.186 1.00
11.25 +3.5 +3.3 -3.8 +0.004 +0.077 89 261 352 0.186 1.00
11.28 +3.2 +2.6 -3.7 +0.004 +0.077 90 261 353 0.186 1.00
11.31 +3.1 +2.9 -3.9 +0.003 +0.078 90 261 353 0.186 1.00
11.35 +3.4 +3.7 -3.9 +0.003 +0.077 89 261 352 0.187 1.00
11.38 +3.3 +3.1 -3.8 +0.003 +0.077 90 261 353 0.187 1.00
11.41 +3.6 +2.7 -3.8 +0.003 +0.077 89 261 353 0.186 1.00
11.45 +3.3 +2.6 -3.9 +0.004 +0.076 89 261 353 0.186 1.00
11.48 +3.2 +2.2 -3.8 +0.004 +0.076 89 261 353 0.186 1.00
11.51 +3.4 +2.7 -3.7 +0.004 +0.076 89 261 353 0.186 1.00
11.55 +3.4 +2.6 -3.8 +0.004 +0.076 89 261 353 0.186 1.00
11.58 +3.3 +2.4 -3.7 +0.004 +0.075 89 261 353 0.186 1.00
11.61 +3.3 +2.1 -3.8 +0.003 +0.074 89 261 353 0.186 1.00
11.65 +2.9 +2.0 -3.8 +0.003 +0.073 89 261 353 0.185 1.00
11.68 +3.2 +1.8 -3.6 +0.003 +0.072 89 260 353 0.185 1.00
11.71 +3.3 +1.9 -3.9 +0.003 +0.071 89 261 352 0.185 1.00
11.75 +3.0 +1.5 -3.5 +0.003 +0.071 89 261 353 0.185 1.00
11.78 +3.2 +1.3 -3.6 +0.003 +0.070 89 261 352 0.185 1.00
11.81 +3.4 +1.9 -3.9 +0.003 +0.070 89 261 352 0.185 1.00
11.85 +3.1 +1.1 -3.6 +0.003 +0.069 89 261 352 0.185 1.00
11.88 +3.1 +1.0 -3.6 +0.003 +0.070 89 260 352 0.185 1.00
11.91 +3.1 +1.5 -3.9 +0.003 +0.070 89 260 352 0.185 1.00
11.95 +3.1 +1.4 -3.7 +0.003 +0.070 89 261 352 0.186 1.00
11.98 +3.1 +1.1 -3.7 +0.003 +0.069 89 260 352 0.185 1.00
12.01 +3.2 +1.8 -3.9 +0.003 +0.069 89 261 352 0.185 1.00
