v2 t yaw pitch roll pos_x pos_y w cx cy size score
0.02 +3.7 -4.9 -4.1 +0.000 +0.000 87 259 347 0.188 1.00
0.05 +4.0 -4.9 -3.3 +0.000 -0.000 90 260 345 0.188 1.00
0.08 +3.3 -5.8 -3.1 +0.000 +0.000 90 260 345 0.188 1.00
0.12 +3.3 -5.9 -3.1 +0.000 -0.000 91 260 345 0.188 1.00
0.15 +3.6 -5.8 -3.0 -0.000 -0.000 90 260 345 0.188 1.00
0.19 +3.3 -6.0 -3.2 -0.000 -0.001 90 260 346 0.188 1.00
0.22 +3.6 -5.1 -3.2 -0.001 -0.000 91 259 345 0.188 1.00
0.25 +3.5 -5.2 -3.3 -0.001 -0.000 91 260 345 0.188 1.00
0.28 +3.1 -5.6 -3.2 -0.001 -0.001 91 260 345 0.189 1.00
0.32 +3.0 -5.9 -3.2 -0.001 -0.001 91 260 345 0.189 1.00
0.35 +3.0 -4.7 -4.0 -0.001 -0.000 86 259 348 0.189 1.00
0.38 +3.5 -5.8 -3.3 -0.000 +0.000 90 260 345 0.188 1.00
0.42 +4.0 -4.7 -3.3 -0.000 +0.000 91 260 345 0.188 1.00
0.45 +3.9 -4.8 -3.4 -0.000 +0.000 91 260 345 0.189 1.00
0.48 +3.8 -5.5 -3.4 -0.000 +0.000 90 260 345 0.189 1.00
0.52 +3.2 -5.9 -3.3 -0.000 +0.000 91 260 346 0.189 1.00
0.55 +3.3 -6.0 -3.1 -0.000 +0.001 90 260 345 0.189 1.00
0.58 +3.5 -5.5 -3.2 -0.000 +0.001 91 260 345 0.189 1.00
0.62 +3.3 -5.5 -3.2 -0.001 +0.000 91 260 346 0.189 1.00
0.65 +3.6 -5.1 -3.5 -0.001 +0.000 90 260 345 0.189 1.00
0.68 +3.3 -5.8 -3.1 -0.001 +0.000 90 260 345 0.189 1.00
0.72 +3.4 -5.9 -3.3 -0.001 +0.000 90 260 345 0.188 1.00
0.75 +3.8 -5.2 -3.4 -0.001 -0.000 91 260 345 0.188 1.00
0.79 +3.2 -6.3 -3.1 -0.001 -0.000 90 259 345 0.188 1.00
0.82 +3.8 -5.2 -3.3 -0.001 -0.000 91 259 345 0.188 1.00
0.85 +3.5 -5.7 -3.8 -0.000 -0.000 86 259 347 0.188 1.00
0.88 +3.9 -5.5 -3.2 -0.000 -0.000 91 260 345 0.188 1.00
0.92 +4.0 -5.8 -3.3 -0.000 -0.001 91 260 345 0.189 1.00
0.95 +3.4 -5.7 -3.3 -0.000 -0.001 91 260 345 0.189 1.00
0.98 +3.6 -6.7 -3.1 +0.000 -0.002 90 260 346 0.189 1.00
1.02 +3.6 -6.2 -3.1 -0.000 -0.003 90 260 345 0.189 1.00
1.05 +3.2 -6.7 -3.0 -0.000 -0.003 90 259 345 0.188 1.00
1.09 +3.2 -6.8 -3.1 -0.000 -0.003 90 260 345 0.188 1.00
1.12 +3.7 -6.5 -3.2 +0.000 -0.003 90 260 345 0.188 1.00
1.16 +3.5 -6.6 -3.1 +0.000 -0.003 91 260 345 0.188 1.00
1.19 +3.6 -6.3 -3.0 +0.000 -0.003 91 260 345 0.188 1.00
1.22 +3.4 -6.5 -3.7 +0.001 -0.003 87 259 346 0.188 1.00
1.25 +3.7 -6.3 -3.1 +0.001 -0.003 90 260 345 0.188 1.00
1.28 +3.4 -6.9 -2.9 +0.001 -0.004 90 260 345 0.188 1.00
1.32 +3.9 -6.2 -3.2 +0.001 -0.004 90 260 344 0.188 1.00
1.35 +3.2 -6.8 -3.0 +0.002 -0.004 90 260 345 0.188 1.00
1.38 +3.4 -6.8 -2.9 +0.002 -0.003 90 260 345 0.188 1.00
1.42 +4.0 -5.8 -3.4 +0.002 -0.003 91 260 344 0.188 1.00
1.45 +4.0 -5.7 -3.2 +0.001 -0.002 91 260 344 0.188 1.00
1.48 +3.5 -5.6 -3.2 +0.000 -0.002 91 260 345 0.189 1.00
1.53 +3.0 -6.5 -3.0 -0.003 -0.004 90 259 345 0.189 1.00
1.56 +1.3 -6.8 -3.2 -0.013 -0.006 90 258 345 0.189 1.00
1.59 -1.1 -6.5 -3.1 -0.034 -0.009 92 256 345 0.188 1.00
1.62 -6.7 -7.0 -4.1 -0.080 -0.010 87 255 346 0.188 1.00
1.65 -12.0 -7.7 -4.5 -0.126 -0.010 90 253 347 0.188 1.00
1.68 -17.1 -7.9 -4.9 -0.197 -0.009 91 252 346 0.187 1.00
1.72 -19.8 -8.3 -4.1 -0.217 -0.006 89 250 345 0.187 1.00
1.75 -22.8 -5.4 -2.5 -0.235 -0.003 93 250 345 0.188 1.00
1.79 -23.2 -6.2 -4.1 -0.235 +0.001 89 249 346 0.187 1.00
1.82 -20.9 -7.2 -3.5 -0.232 +0.004 89 250 346 0.187 1.00
1.85 -18.0 -7.1 -3.5 -0.211 +0.003 90 251 347 0.187 1.00
1.88 -11.8 -5.5 -2.7 -0.122 +0.000 88 253 347 0.187 1.00
1.92 -2.0 -3.7 -1.9 -0.059 -0.002 93 256 343 0.187 1.00
1.95 +4.6 -5.3 -2.0 +0.007 -0.003 91 259 343 0.188 1.00
1.98 +11.7 -5.9 -2.1 +0.073 -0.003 86 262 344 0.189 1.00
2.02 +18.1 -7.6 -0.1 +0.140 -0.003 87 265 346 0.185 1.00
2.05 +24.3 -8.7 +0.5 +0.185 -0.001 86 268 346 0.183 1.00
2.08 +27.1 -8.7 +0.1 +0.207 +0.001 86 270 347 0.182 1.00
2.12 +28.5 -7.7 +0.6 +0.210 +0.002 86 271 348 0.181 1.00
2.15 +26.6 -8.1 +0.3 +0.209 +0.002 86 271 347 0.180 1.00
2.18 +23.0 -9.3 +0.6 +0.207 +0.002 86 269 347 0.179 1.00
2.22 +16.3 -6.3 -1.1 +0.160 +0.002 87 267 347 0.179 1.00
2.25 +8.4 -4.3 -1.9 +0.091 +0.003 87 265 347 0.180 1.00
2.28 +1.6 -4.5 -1.7 +0.027 +0.007 91 260 346 0.180 1.00
2.32 -6.2 -3.3 -2.1 -0.039 +0.011 92 259 345 0.184 1.00
2.35 -13.6 -3.6 -2.6 -0.088 +0.013 87 254 348 0.187 1.00
2.38 -16.8 -5.5 -2.8 -0.154 +0.016 89 253 347 0.186 1.00
2.42 -18.5 -5.5 -2.3 -0.174 +0.018 89 253 348 0.186 1.00
2.45 -19.6 -2.4 -1.4 -0.174 +0.019 93 256 346 0.186 1.00
2.48 -16.9 -4.5 -2.4 -0.170 +0.020 89 253 348 0.186 1.00
2.52 -12.4 -1.9 -1.8 -0.101 +0.020 86 254 348 0.186 1.00
2.55 -4.5 -2.3 -1.6 -0.050 +0.020 86 257 349 0.184 1.00
2.58 +3.4 -2.2 -1.6 +0.015 +0.019 92 260 346 0.182 1.00
2.62 +9.2 -2.1 -1.6 +0.080 +0.020 88 264 347 0.182 1.00
2.65 +16.2 -4.3 -1.1 +0.148 +0.021 87 267 348 0.182 1.00
2.68 +23.9 -4.9 -0.5 +0.218 +0.021 85 270 349 0.182 1.00
2.72 +29.3 -5.7 -0.7 +0.220 +0.023 82 273 350 0.180 1.00
2.75 +32.3 -6.4 -0.7 +0.242 +0.025 82 275 349 0.177 1.00
2.78 +33.6 -7.6 +0.1 +0.248 +0.025 83 276 349 0.175 1.00
2.82 +32.3 -6.8 -0.3 +0.244 +0.025 81 276 349 0.174 1.00
2.85 +29.5 -6.1 -0.2 +0.223 +0.027 82 274 350 0.172 1.00
2.88 +23.3 -2.8 -0.8 +0.200 +0.027 84 272 350 0.171 1.00
2.92 +18.2 -3.7 -0.4 +0.177 +0.028 86 270 349 0.173 1.00
2.95 +14.2 -2.7 -1.7 +0.130 +0.029 87 268 349 0.175 1.00
2.98 +9.6 -0.3 -2.0 +0.088 +0.030 88 265 348 0.178 1.00
3.02 +5.5 +0.2 -2.3 +0.064 +0.031 86 264 349 0.179 1.00
3.05 +3.8 -1.7 -2.4 +0.045 +0.031 88 265 350 0.181 1.00
3.08 +2.7 -0.3 -2.7 +0.036 +0.032 91 263 347 0.182 1.00
3.12 +2.3 +0.6 -2.7 +0.031 +0.033 92 262 348 0.185 1.00
3.15 +2.5 -0.5 -2.5 +0.030 +0.033 93 262 348 0.187 1.00
3.19 +2.5 -0.6 -2.7 +0.029 +0.033 92 262 348 0.189 1.00
3.22 +2.8 +0.2 -2.9 +0.029 +0.032 92 262 347 0.190 1.00
3.26 +3.1 +0.2 -2.5 +0.030 +0.031 92 262 347 0.191 1.00
3.29 +3.1 -1.2 -2.5 +0.030 +0.030 92 262 348 0.191 1.00
3.32 +3.1 -0.1 -2.7 +0.030 +0.029 91 262 347 0.191 1.00
3.35 +3.1 -0.5 -2.5 +0.030 +0.027 92 262 347 0.191 1.00
3.38 +2.8 -0.3 -2.6 +0.030 +0.027 91 262 347 0.191 1.00
3.42 +2.8 -0.9 -2.8 +0.029 +0.027 92 262 347 0.191 1.00
3.45 +2.8 -0.5 -2.7 +0.029 +0.027 92 262 347 0.191 1.00
3.48 +3.0 -0.6 -2.7 +0.028 +0.026 92 262 347 0.191 1.00
3.52 +2.8 -0.3 -2.8 +0.027 +0.026 92 262 347 0.191 1.00
3.55 +3.0 -0.6 -2.8 +0.027 +0.026 92 262 347 0.191 1.00
3.58 +3.5 -1.5 -2.7 +0.027 +0.025 92 262 347 0.191 1.00
3.62 +2.9 -0.3 -2.8 +0.027 +0.025 92 262 346 0.191 1.00
3.65 +3.1 -0.4 -2.9 +0.027 +0.025 92 262 347 0.191 1.00
3.68 +3.0 -1.5 -2.8 +0.026 +0.024 92 262 347 0.191 1.00
3.72 +2.7 -1.3 -2.7 +0.026 +0.024 92 261 347 0.192 1.00
3.75 +2.9 -0.9 -2.9 +0.026 +0.025 92 262 347 0.192 1.00
3.79 +2.8 -0.8 -2.8 +0.026 +0.025 92 261 347 0.192 1.00
3.82 +3.1 -1.6 -3.0 +0.026 +0.025 92 262 347 0.192 1.00
3.85 +2.9 -0.4 -2.9 +0.026 +0.025 93 262 347 0.192 1.00
3.89 +3.0 -1.5 -2.8 +0.026 +0.025 92 262 347 0.192 1.00
3.92 +3.2 -0.8 -2.9 +0.026 +0.024 92 262 347 0.192 1.00
3.95 +3.3 -1.9 -2.8 +0.026 +0.024 92 262 347 0.192 1.00
3.99 +3.2 -1.3 -2.8 +0.026 +0.025 92 262 347 0.192 1.00
4.02 +3.3 -1.9 -2.8 +0.025 +0.025 92 262 347 0.192 1.00
4.05 +3.2 -1.1 -2.9 +0.025 +0.025 92 262 347 0.192 1.00
4.08 +3.0 -0.7 -2.9 +0.025 +0.026 92 261 347 0.192 1.00
4.12 +3.2 -2.1 -2.9 +0.025 +0.026 92 261 348 0.192 1.00
4.15 +3.1 -1.2 -2.9 +0.024 +0.026 92 261 347 0.192 1.00
4.18 +3.1 -1.0 -2.9 +0.024 +0.025 93 261 347 0.192 1.00
4.22 +3.2 -1.7 -2.9 +0.024 +0.025 92 261 347 0.192 1.00
4.25 +2.8 -0.4 -3.2 +0.024 +0.025 92 261 346 0.193 1.00
4.28 +3.0 -0.9 -3.0 +0.024 +0.025 92 261 347 0.192 1.00
4.32 +3.3 -1.3 -2.9 +0.024 +0.025 92 261 347 0.192 1.00
4.35 +3.0 -1.4 -3.1 +0.024 +0.025 92 261 347 0.192 1.00
4.38 +3.3 -2.0 -3.2 +0.023 +0.024 93 261 347 0.192 1.00
4.42 +3.0 -0.7 -3.2 +0.023 +0.024 92 260 347 0.192 1.00
4.45 +2.8 -0.7 -3.3 +0.022 +0.024 93 260 347 0.192 1.00
4.48 +3.0 -1.9 -3.1 +0.022 +0.025 92 260 347 0.192 1.00
4.52 +2.8 -1.8 -3.1 +0.022 +0.025 93 260 347 0.193 1.00
4.55 +3.1 -0.9 -3.2 +0.021 +0.025 93 260 347 0.193 1.00
4.58 +2.8 -1.1 -3.2 +0.021 +0.025 93 260 347 0.193 1.00
4.62 +3.5 -2.1 -3.2 +0.022 +0.025 92 260 348 0.193 1.00
4.65 +2.9 -0.5 -3.3 +0.022 +0.025 93 260 347 0.193 1.00
4.68 +3.2 -0.7 -3.1 +0.022 +0.025 93 260 347 0.193 1.00
4.72 +3.2 -1.3 -3.2 +0.022 +0.025 92 261 347 0.193 1.00
4.75 +3.4 -1.0 -3.0 +0.022 +0.025 92 260 347 0.193 1.00
4.79 +2.6 -0.6 -3.3 +0.021 +0.025 92 261 346 0.193 1.00
4.82 +2.8 -0.3 -3.1 +0.021 +0.025 93 260 347 0.193 1.00
4.85 +3.1 -1.1 -2.9 +0.021 +0.025 93 260 347 0.193 1.00
4.88 +3.3 -0.1 -3.5 +0.021 +0.025 92 260 346 0.193 1.00
4.92 +3.1 -0.9 -2.9 +0.021 +0.025 92 260 347 0.193 1.00
4.95 +3.0 -1.1 -3.1 +0.021 +0.024 92 260 347 0.192 1.00
4.98 +3.1 -0.7 -3.3 +0.021 +0.025 93 260 346 0.192 1.00
5.02 +3.4 -1.6 -3.0 +0.021 +0.025 92 260 347 0.192 1.00
5.05 +2.9 -0.6 -3.1 +0.021 +0.024 92 260 346 0.192 1.00
5.08 +3.3 -1.2 -3.0 +0.021 +0.024 93 260 346 0.192 1.00
5.12 +3.0 -1.6 -2.9 +0.021 +0.024 93 260 347 0.192 1.00
5.15 +3.3 -2.1 -2.9 +0.020 +0.024 92 260 347 0.192 1.00
5.18 +3.6 -1.5 -3.0 +0.020 +0.024 92 260 347 0.192 1.00
5.22 +3.1 -1.7 -3.0 +0.020 +0.023 93 260 347 0.192 1.00
5.25 +3.0 -1.0 -3.1 +0.020 +0.023 93 260 346 0.193 1.00
5.28 +3.3 -1.4 -3.0 +0.020 +0.023 92 260 347 0.193 1.00
5.32 +2.7 -0.9 -3.2 +0.020 +0.023 93 260 346 0.193 1.00
5.35 +3.1 -1.3 -3.1 +0.020 +0.023 92 260 346 0.193 1.00
5.39 +3.2 -1.7 -3.0 +0.020 +0.023 92 259 347 0.193 1.00
5.42 +3.2 -1.4 -3.1 +0.021 +0.023 92 260 346 0.192 1.00
5.45 +3.1 -1.5 -2.9 +0.020 +0.022 93 260 346 0.192 1.00
5.48 +3.3 -1.1 -3.0 +0.020 +0.022 92 259 346 0.192 1.00
5.52 +2.5 -3.4 -3.6 +0.019 +0.023 85 260 349 0.192 1.00
5.55 +3.3 -1.6 -3.0 +0.019 +0.023 92 259 347 0.192 1.00
5.58 +2.6 -3.4 -3.5 +0.018 +0.023 85 260 349 0.186 1.00
5.62 +2.7 -3.0 -3.6 +0.018 +0.022 85 260 349 0.182 1.00
5.65 +3.6 -1.9 -3.1 +0.017 +0.022 93 259 347 0.180 1.00
5.68 +2.5 -3.1 -3.5 +0.017 +0.022 85 260 349 0.179 1.00
5.72 +2.8 -3.4 -3.7 +0.017 +0.022 85 260 349 0.179 1.00
5.75 +2.7 -3.0 -3.8 +0.017 +0.022 85 260 349 0.178 1.00
5.78 +2.5 -3.2 -3.7 +0.018 +0.022 85 260 349 0.177 1.00
5.82 +3.5 -1.8 -3.1 +0.018 +0.023 92 259 347 0.177 1.00
5.85 +2.6 -2.8 -3.8 +0.018 +0.023 85 260 349 0.177 1.00
5.88 +2.6 -3.3 -3.8 +0.017 +0.023 85 260 349 0.177 1.00
5.92 +2.3 -3.2 -3.6 +0.017 +0.022 86 259 348 0.177 1.00
5.95 +3.0 -3.2 -4.0 +0.017 +0.021 85 260 349 0.178 1.00
5.98 +2.7 -3.3 -3.9 +0.016 +0.021 85 260 349 0.178 1.00
6.02 +2.8 -3.5 -3.9 +0.017 +0.021 85 260 349 0.178 1.00
6.05 +2.6 -3.3 -3.7 +0.017 +0.021 86 260 349 0.178 1.00
6.08 +2.7 -3.5 -3.7 +0.017 +0.021 85 260 349 0.178 1.00
6.12 +2.9 -3.2 -3.8 +0.018 +0.021 85 260 349 0.178 1.00
6.15 +2.5 -3.5 -3.7 +0.017 +0.021 85 260 349 0.178 1.00
6.18 +2.9 -3.4 -3.7 +0.017 +0.021 86 260 349 0.178 1.00
6.22 +2.5 -3.3 -3.8 +0.017 +0.021 86 260 349 0.178 1.00
6.25 +2.5 -3.9 -3.8 +0.017 +0.021 85 260 349 0.178 1.00
6.28 +2.4 -3.4 -3.8 +0.017 +0.021 86 259 349 0.178 1.00
6.32 +2.7 -3.1 -3.9 +0.016 +0.022 86 260 349 0.179 1.00
6.35 +2.3 -3.3 -3.8 +0.016 +0.022 86 259 349 0.179 1.00
6.38 +2.5 -3.1 -3.9 +0.015 +0.023 86 259 349 0.179 1.00
6.42 +2.3 -3.5 -3.3 +0.015 +0.022 92 260 348 0.179 1.00
6.45 +2.5 -3.2 -4.2 +0.015 +0.023 86 259 349 0.179 1.00
6.48 +2.2 -2.8 -3.9 +0.015 +0.023 86 259 348 0.179 1.00
6.52 +2.5 -2.8 -4.2 +0.015 +0.022 86 259 349 0.179 1.00
6.55 +2.5 -2.8 -4.0 +0.015 +0.022 86 259 349 0.179 1.00
6.58 +2.4 -3.5 -4.1 +0.015 +0.022 86 259 349 0.179 1.00
6.62 +2.3 -3.3 -4.0 +0.015 +0.021 86 259 349 0.179 1.00
6.65 +2.4 -3.4 -4.1 +0.016 +0.021 86 259 349 0.179 1.00
6.68 +2.5 -3.5 -4.0 +0.016 +0.021 86 259 349 0.179 1.00
6.72 +2.2 -3.3 -3.8 +0.016 +0.021 86 259 349 0.179 1.00
6.75 +2.5 -3.7 -3.9 +0.017 +0.021 86 260 349 0.179 1.00
6.78 +3.7 -2.5 -3.3 +0.017 +0.021 93 259 347 0.180 1.00
6.82 +2.7 -3.5 -3.9 +0.018 +0.020 86 260 349 0.179 1.00
6.85 +3.5 -2.2 -3.3 +0.018 +0.021 92 259 347 0.184 1.00
6.88 +2.6 -3.2 -4.1 +0.018 +0.020 86 260 349 0.182 1.00
6.92 +3.3 -1.9 -3.4 +0.018 +0.020 92 259 347 0.186 1.00
6.95 +3.6 -2.0 -3.4 +0.018 +0.020 92 259 347 0.188 1.00
6.98 +2.5 -3.9 -3.7 +0.018 +0.020 86 260 349 0.190 1.00
7.02 +2.3 -3.6 -3.9 +0.018 +0.019 86 260 348 0.186 1.00
7.05 +2.5 -3.5 -4.0 +0.018 +0.019 86 260 348 0.183 1.00
7.08 +2.3 -3.7 -3.7 +0.017 +0.019 86 259 348 0.181 1.00
7.12 +2.5 -3.5 -3.9 +0.017 +0.019 87 259 348 0.181 1.00
7.15 +2.8 -4.1 -3.9 +0.017 +0.019 86 260 349 0.180 1.00
7.18 +2.4 -3.6 -4.0 +0.016 +0.019 86 259 349 0.180 1.00
7.22 +2.6 -3.8 -3.9 +0.016 +0.019 86 259 349 0.180 1.00
7.25 +2.7 -4.1 -3.8 +0.016 +0.019 86 259 348 0.180 1.00
7.28 +2.8 -3.9 -3.8 +0.016 +0.019 86 260 349 0.179 1.00
7.32 +2.7 -3.9 -3.7 +0.016 +0.019 87 260 349 0.180 1.00
7.35 +2.6 -4.1 -3.9 +0.016 +0.018 86 259 349 0.180 1.00
7.38 +2.7 -3.9 -3.8 +0.016 +0.018 86 259 349 0.179 1.00
7.42 +2.9 -3.9 -4.0 +0.016 +0.018 86 260 349 0.179 1.00
7.45 +2.3 -4.1 -3.8 +0.016 +0.018 85 259 349 0.179 1.00
7.49 +2.6 -3.7 -3.9 +0.016 +0.018 86 259 349 0.179 1.00
7.52 +2.5 -4.3 -3.7 +0.016 +0.018 86 260 349 0.179 1.00
7.55 +2.6 -4.1 -3.8 +0.017 +0.018 86 259 349 0.180 1.00
7.58 +2.8 -4.1 -3.9 +0.017 +0.018 86 260 349 0.180 1.00
7.62 +2.9 -4.2 -3.8 +0.017 +0.017 86 260 349 0.180 1.00
7.65 +2.2 -4.1 -3.8 +0.017 +0.017 86 260 349 0.179 1.00
7.68 +2.4 -4.2 -3.8 +0.017 +0.017 86 260 348 0.179 1.00
7.72 +2.5 -4.3 -3.8 +0.017 +0.017 86 260 349 0.179 1.00
7.75 +2.6 -3.9 -3.9 +0.017 +0.016 86 260 349 0.179 1.00
7.78 +2.5 -3.5 -3.9 +0.016 +0.016 87 259 348 0.179 1.00
7.82 +2.9 -4.2 -3.8 +0.016 +0.015 86 260 348 0.179 1.00
7.85 +2.6 -4.0 -4.0 +0.016 +0.015 86 259 349 0.179 1.00
7.88 +2.1 -3.7 -3.3 +0.016 +0.015 91 260 348 0.179 1.00
7.92 +2.8 -3.8 -3.4 +0.015 +0.015 92 260 348 0.184 1.00
7.95 +2.5 -4.0 -4.0 +0.015 +0.015 86 259 349 0.186 1.00
7.98 +2.5 -3.5 -3.4 +0.015 +0.015 92 260 348 0.188 1.00
8.02 +2.2 -3.6 -3.1 +0.015 +0.016 92 260 348 0.189 1.00
