v2 t yaw pitch roll pos_x pos_y w cx cy size score
0.02 +1.8 -7.8 -3.9 +0.000 +0.000 91 257 345 0.187 1.00
0.05 +1.3 -8.0 -3.9 +0.000 +0.000 90 257 345 0.188 1.00
0.09 +1.6 -7.5 -4.0 +0.000 +0.001 90 257 345 0.188 1.00
0.12 +1.5 -7.7 -4.0 -0.000 +0.000 90 257 345 0.188 1.00
0.15 +1.3 -8.0 -4.1 -0.000 +0.000 89 257 345 0.188 1.00
0.18 +1.4 -7.3 -4.0 -0.001 -0.000 90 257 345 0.188 1.00
0.22 +1.5 -8.0 -4.2 -0.001 -0.001 90 256 345 0.187 1.00
0.25 +1.3 -7.9 -4.0 -0.001 -0.001 90 257 345 0.187 1.00
0.28 +1.0 -8.0 -4.7 -0.001 -0.000 87 257 346 0.187 1.00
0.32 +1.3 -8.4 -3.8 -0.001 -0.000 90 257 345 0.187 1.00
0.35 +1.4 -7.6 -4.6 -0.001 +0.001 88 257 346 0.185 1.00
0.38 +1.1 -7.8 -4.5 -0.000 +0.001 87 257 346 0.184 1.00
0.43 +1.3 -8.2 -3.6 -0.000 +0.001 90 257 345 0.184 1.00
0.45 +1.6 -8.1 -3.8 -0.000 +0.000 90 257 345 0.185 1.00
0.48 +1.2 -8.3 -4.6 -0.000 -0.000 88 257 346 0.186 1.00
0.52 +1.6 -8.3 -3.9 -0.000 -0.000 90 257 344 0.186 1.00
0.55 +1.5 -8.1 -3.8 -0.000 -0.000 90 257 344 0.187 1.00
0.59 +1.6 -8.2 -3.7 -0.000 -0.001 90 257 345 0.187 1.00
0.62 +1.5 -8.1 -3.9 -0.000 -0.001 90 257 344 0.187 1.00
0.65 +1.5 -8.1 -3.8 +0.000 -0.001 90 257 345 0.187 1.00
0.68 +1.5 -8.2 -4.0 +0.001 -0.001 89 257 345 0.187 1.00
0.72 +1.4 -8.5 -3.9 +0.001 -0.001 90 257 345 0.187 1.00
0.75 +1.5 -8.3 -3.9 +0.001 -0.002 90 257 345 0.187 1.00
0.78 +1.7 -8.5 -3.9 +0.001 -0.002 89 257 345 0.187 1.00
0.82 +1.6 -8.3 -4.1 +0.001 -0.002 90 257 345 0.187 1.00
0.85 +1.6 -8.0 -4.1 +0.000 -0.002 90 257 345 0.187 1.00
0.88 +1.8 -8.3 -4.1 +0.000 -0.002 89 257 345 0.187 1.00
0.92 +1.6 -8.1 -4.0 +0.000 -0.002 90 257 345 0.187 1.00
0.95 +1.7 -8.0 -4.2 +0.000 -0.002 89 257 345 0.187 1.00
0.98 +1.4 -8.2 -4.0 +0.000 -0.003 90 257 345 0.187 1.00
1.02 +2.2 -7.2 -4.5 +0.001 -0.002 88 257 345 0.186 1.00
1.05 +1.7 -8.2 -4.0 +0.001 -0.002 90 257 345 0.186 1.00
1.08 +1.5 -8.5 -3.9 +0.001 -0.002 89 257 345 0.186 1.00
1.12 +1.7 -8.3 -3.9 +0.002 -0.001 90 257 345 0.187 1.00
1.15 +1.7 -8.1 -3.9 +0.002 -0.001 89 257 345 0.187 1.00
1.18 +1.8 -8.2 -3.9 +0.002 -0.001 89 258 345 0.187 1.00
1.22 +2.0 -8.5 -3.8 +0.002 -0.001 90 257 345 0.186 1.00
1.26 +2.0 -8.1 -3.7 +0.002 -0.001 90 258 345 0.187 1.00
1.29 +2.2 -8.2 -3.8 +0.002 -0.001 90 258 344 0.187 1.00
1.32 +1.8 -8.4 -3.7 +0.002 -0.001 90 257 345 0.187 1.00
1.35 +1.8 -8.2 -3.6 +0.002 -0.001 90 257 344 0.188 1.00
1.38 +1.8 -8.4 -3.6 +0.002 -0.001 90 257 344 0.188 1.00
1.42 +1.6 -8.0 -3.8 +0.002 -0.000 90 258 344 0.188 1.00
1.45 +1.5 -8.2 -3.7 +0.002 -0.000 90 257 345 0.188 1.00
1.48 +1.4 -8.2 -3.7 +0.001 +0.000 90 257 345 0.188 1.00
1.52 +1.6 -8.6 -3.7 +0.000 -0.000 90 257 345 0.188 1.00
1.55 +1.2 -7.6 -3.9 -0.001 +0.000 90 257 345 0.188 1.00
1.58 +0.7 -7.6 -4.8 -0.002 +0.001 88 257 346 0.188 1.00
1.62 -0.7 -7.8 -5.2 -0.006 -0.000 87 257 346 0.186 1.00
1.65 -2.1 -7.7 -4.1 -0.023 -0.002 93 254 343 0.185 1.00
1.68 -7.4 -9.8 -5.2 -0.067 -0.001 87 254 346 0.184 1.00
1.72 -12.6 -9.9 -5.8 -0.132 +0.003 90 253 346 0.185 1.00
1.75 -17.0 -9.0 -6.4 -0.200 +0.009 88 251 346 0.185 1.00
1.78 -18.5 -8.0 -4.3 -0.218 +0.015 96 252 344 0.186 1.00
1.82 -19.4 -6.2 -3.4 -0.221 +0.021 95 251 344 0.191 1.00
1.85 -19.0 -7.9 -4.8 -0.218 +0.023 89 250 346 0.194 1.00
1.88 -17.1 -7.7 -4.4 -0.178 +0.023 91 251 348 0.192 1.00
1.92 -11.0 -6.2 -3.4 -0.090 +0.023 88 253 348 0.189 1.00
1.95 -0.7 -4.8 -2.6 -0.027 +0.022 94 255 345 0.190 1.00
1.98 +6.0 -4.8 -2.9 +0.040 +0.020 91 258 343 0.189 1.00
2.02 +13.1 -6.2 -2.7 +0.106 +0.019 86 262 344 0.189 1.00
2.05 +18.8 -7.7 -0.8 +0.171 +0.019 87 264 346 0.186 1.00
2.08 +23.8 -8.9 -0.5 +0.195 +0.017 87 267 346 0.184 1.00
2.12 +25.4 -10.0 -0.3 +0.208 +0.017 86 268 346 0.182 1.00
2.15 +24.3 -9.3 -0.2 +0.207 +0.018 87 268 346 0.182 1.00
2.18 +20.6 -7.9 -0.8 +0.203 +0.021 86 266 346 0.181 1.00
2.22 +16.4 -5.7 -1.7 +0.158 +0.024 89 263 344 0.181 1.00
2.25 +7.7 -3.4 -3.3 +0.090 +0.030 86 262 345 0.181 1.00
2.28 +1.5 -2.2 -2.5 +0.029 +0.037 93 260 348 0.182 1.00
2.32 -4.8 -1.0 -3.1 -0.037 +0.042 94 255 345 0.186 1.00
2.35 -13.3 -2.6 -3.9 -0.104 +0.046 88 253 348 0.189 1.00
2.38 -19.0 -5.3 -4.3 -0.170 +0.048 92 251 348 0.190 1.00
2.42 -20.8 -3.4 -3.5 -0.191 +0.051 91 251 348 0.190 1.00
2.45 -23.8 -3.2 -3.3 -0.210 +0.052 91 250 348 0.190 1.00
2.48 -22.6 -3.3 -3.2 -0.210 +0.053 91 249 348 0.190 1.00
2.52 -19.4 -4.1 -3.4 -0.191 +0.053 91 250 348 0.190 1.00
2.55 -17.5 -3.7 -4.0 -0.148 +0.053 92 250 349 0.189 1.00
2.58 -9.3 -0.5 -2.8 -0.084 +0.051 96 252 349 0.190 1.00
2.62 -3.8 -2.0 -3.4 -0.032 +0.050 85 254 350 0.190 1.00
2.65 +1.0 -2.7 -3.6 +0.020 +0.048 85 257 350 0.185 1.00
2.68 +4.6 -2.2 -2.9 +0.059 +0.046 92 259 347 0.182 1.00
2.72 +7.4 -2.4 -3.1 +0.084 +0.045 87 261 349 0.182 1.00
2.75 +8.5 -1.8 -3.0 +0.091 +0.042 87 262 348 0.182 1.00
2.78 +8.9 -2.3 -2.6 +0.093 +0.040 88 262 348 0.182 1.00
2.82 +8.1 -2.2 -2.9 +0.093 +0.038 86 262 347 0.181 1.00
2.85 +7.7 -2.5 -3.1 +0.092 +0.038 86 262 348 0.181 1.00
2.88 +7.4 -1.8 -3.1 +0.091 +0.038 86 262 348 0.180 1.00
2.92 +6.9 -1.7 -3.1 +0.090 +0.038 86 262 348 0.180 1.00
2.95 +6.6 -2.8 -3.2 +0.089 +0.039 86 262 348 0.180 1.00
2.98 +6.1 -2.8 -3.1 +0.089 +0.040 87 262 348 0.180 1.00
3.02 +5.9 -2.8 -3.2 +0.088 +0.040 87 261 348 0.180 1.00
3.05 +6.1 -2.6 -3.2 +0.087 +0.041 86 262 348 0.180 1.00
3.08 +6.2 -2.2 -3.4 +0.087 +0.041 86 261 348 0.180 1.00
3.12 +6.0 -2.5 -3.2 +0.086 +0.041 86 261 348 0.180 1.00
3.15 +5.8 -2.5 -3.1 +0.086 +0.040 86 261 348 0.180 1.00
3.18 +6.0 -2.4 -3.3 +0.086 +0.040 86 261 348 0.180 1.00
3.22 +5.8 -2.5 -3.4 +0.086 +0.040 86 261 348 0.179 1.00
3.25 +6.0 -1.8 -3.4 +0.085 +0.039 86 261 348 0.179 1.00
3.28 +5.5 -2.6 -3.2 +0.085 +0.039 85 261 348 0.179 1.00
3.32 +5.1 -3.3 -3.1 +0.084 +0.038 86 261 348 0.179 1.00
3.36 +5.0 -2.7 -2.7 +0.083 +0.038 90 261 346 0.179 1.00
3.39 +5.1 -3.6 -3.1 +0.082 +0.038 85 261 348 0.179 1.00
3.42 +5.3 -2.4 -3.0 +0.081 +0.038 91 261 346 0.182 1.00
3.46 +5.3 -2.4 -3.1 +0.081 +0.037 90 261 346 0.184 1.00
3.49 +4.9 -2.0 -3.4 +0.081 +0.037 91 261 345 0.187 1.00
3.52 +5.1 -2.4 -3.3 +0.080 +0.037 90 261 346 0.187 1.00
3.55 +4.9 -2.3 -3.2 +0.080 +0.036 91 261 346 0.188 1.00
3.58 +4.8 -2.2 -3.3 +0.080 +0.036 90 261 345 0.188 1.00
3.62 +4.9 -2.5 -3.2 +0.079 +0.037 91 261 346 0.188 1.00
3.65 +4.6 -2.5 -3.2 +0.079 +0.036 90 261 345 0.188 1.00
3.68 +4.6 -2.6 -3.1 +0.079 +0.036 91 261 346 0.188 1.00
3.72 +4.5 -2.5 -3.3 +0.079 +0.036 91 261 345 0.189 1.00
3.75 +4.6 -2.3 -3.3 +0.079 +0.036 91 261 345 0.189 1.00
3.78 +4.9 -3.1 -3.2 +0.079 +0.036 91 261 346 0.189 1.00
3.82 +5.1 -3.0 -3.2 +0.078 +0.036 91 260 346 0.189 1.00
3.85 +4.7 -3.2 -3.2 +0.078 +0.036 91 260 345 0.189 1.00
3.88 +4.6 -3.3 -3.1 +0.077 +0.035 91 260 346 0.189 1.00
3.92 +4.6 -3.0 -3.2 +0.077 +0.035 90 260 346 0.189 1.00
3.95 +5.3 -3.2 -3.3 +0.077 +0.035 90 260 346 0.189 1.00
3.98 +5.1 -3.0 -3.3 +0.077 +0.035 91 260 346 0.189 1.00
4.02 +5.1 -2.9 -3.2 +0.076 +0.035 91 260 345 0.189 1.00
4.05 +4.5 -2.6 -3.5 +0.076 +0.035 85 260 348 0.189 1.00
4.08 +4.1 -2.7 -3.7 +0.076 +0.035 85 260 348 0.184 1.00
4.12 +4.1 -2.8 -3.8 +0.076 +0.035 85 260 348 0.181 1.00
4.15 +4.0 -3.0 -3.6 +0.076 +0.035 85 260 348 0.179 1.00
4.18 +4.3 -2.6 -3.2 +0.076 +0.035 91 260 345 0.179 1.00
4.22 +4.3 -3.1 -3.5 +0.076 +0.034 86 260 348 0.178 1.00
4.25 +4.8 -3.2 -3.0 +0.076 +0.034 91 260 346 0.183 1.00
4.28 +4.2 -3.5 -3.4 +0.076 +0.034 85 260 348 0.181 1.00
4.32 +4.2 -3.8 -3.6 +0.076 +0.033 85 260 348 0.180 1.00
4.35 +3.9 -3.4 -3.5 +0.075 +0.033 85 259 348 0.179 1.00
4.38 +4.2 -3.9 -3.3 +0.075 +0.033 86 260 348 0.178 1.00
4.42 +4.1 -3.8 -3.4 +0.074 +0.033 86 260 348 0.178 1.00
4.45 +3.9 -3.7 -3.6 +0.074 +0.033 85 260 348 0.178 1.00
4.48 +4.2 -3.6 -3.5 +0.073 +0.033 86 259 348 0.178 1.00
4.52 +4.0 -3.6 -3.6 +0.073 +0.033 85 259 348 0.178 1.00
4.55 +3.8 -3.5 -3.6 +0.073 +0.033 86 259 348 0.178 1.00
4.58 +4.0 -3.9 -3.5 +0.072 +0.033 85 260 348 0.178 1.00
4.62 +4.0 -4.0 -3.7 +0.072 +0.033 86 260 348 0.178 1.00
4.65 +3.8 -4.0 -3.5 +0.072 +0.033 86 260 348 0.178 1.00
4.68 +3.9 -3.8 -3.6 +0.072 +0.033 85 259 348 0.178 1.00
4.72 +3.6 -4.0 -3.4 +0.072 +0.033 86 260 348 0.178 1.00
4.75 +3.6 -3.6 -3.6 +0.072 +0.033 86 260 348 0.178 1.00
4.78 +3.7 -3.7 -3.9 +0.072 +0.033 85 259 348 0.178 1.00
4.82 +3.6 -3.4 -3.7 +0.072 +0.032 86 259 348 0.178 1.00
4.85 +3.6 -4.1 -3.6 +0.071 +0.032 86 259 348 0.178 1.00
4.88 +3.5 -3.9 -3.8 +0.071 +0.032 86 259 348 0.178 1.00
4.92 +3.4 -4.0 -3.8 +0.071 +0.032 86 259 348 0.178 1.00
4.95 +3.3 -4.1 -3.7 +0.072 +0.032 86 259 348 0.178 1.00
4.98 +3.7 -3.8 -3.7 +0.072 +0.031 86 259 348 0.178 1.00
5.02 +3.1 -4.2 -3.9 +0.072 +0.031 85 260 349 0.178 1.00
5.05 +3.3 -4.3 -3.7 +0.072 +0.030 85 259 348 0.178 1.00
5.08 +3.3 -4.4 -3.7 +0.072 +0.029 85 259 348 0.178 1.00
5.12 +3.3 -3.8 -3.8 +0.072 +0.029 86 259 348 0.178 1.00
5.15 +3.6 -3.8 -3.7 +0.073 +0.028 85 259 348 0.178 1.00
5.18 +3.8 -4.2 -3.9 +0.073 +0.028 86 260 348 0.178 1.00
5.22 +3.8 -4.1 -3.9 +0.073 +0.028 86 260 348 0.178 1.00
5.25 +3.6 -4.7 -3.8 +0.072 +0.028 86 259 348 0.178 1.00
5.28 +3.9 -4.1 -3.7 +0.072 +0.028 86 260 348 0.179 1.00
5.32 +3.7 -4.0 -3.9 +0.072 +0.027 86 259 348 0.179 1.00
5.35 +3.7 -4.2 -3.7 +0.072 +0.028 86 259 348 0.179 1.00
5.38 +3.8 -4.0 -4.0 +0.072 +0.027 86 260 348 0.179 1.00
5.42 +3.6 -4.6 -3.8 +0.072 +0.028 86 260 348 0.179 1.00
5.46 +3.5 -4.4 -3.7 +0.072 +0.027 86 260 348 0.179 1.00
5.49 +3.9 -4.2 -3.9 +0.071 +0.027 86 260 348 0.179 1.00
5.52 +3.5 -4.1 -3.9 +0.071 +0.027 86 259 348 0.179 1.00
5.55 +3.2 -4.2 -3.9 +0.071 +0.027 86 259 348 0.179 1.00
5.58 +3.6 -4.4 -3.9 +0.071 +0.026 86 259 348 0.179 1.00
5.62 +3.6 -4.3 -3.9 +0.071 +0.026 86 260 348 0.179 1.00
5.65 +4.0 -4.0 -4.0 +0.071 +0.026 86 260 348 0.179 1.00
5.68 +3.3 -4.2 -3.9 +0.071 +0.026 86 259 348 0.179 1.00
5.72 +3.6 -4.4 -4.1 +0.071 +0.027 85 260 349 0.179 1.00
5.75 +3.7 -4.0 -4.0 +0.072 +0.027 85 259 348 0.179 1.00
5.78 +3.7 -3.8 -3.7 +0.072 +0.027 86 259 348 0.178 1.00
5.82 +3.7 -4.1 -3.7 +0.072 +0.026 85 259 348 0.178 1.00
5.85 +3.8 -4.5 -4.0 +0.072 +0.026 86 259 348 0.178 1.00
5.88 +3.6 -4.1 -4.0 +0.072 +0.026 86 259 348 0.178 1.00
5.92 +3.7 -3.7 -4.0 +0.071 +0.026 86 259 348 0.178 1.00
5.95 +3.6 -4.4 -4.1 +0.071 +0.026 86 260 348 0.179 1.00
5.98 +3.5 -4.8 -3.2 +0.071 +0.026 90 261 346 0.179 1.00
6.02 +3.8 -3.9 -3.9 +0.071 +0.026 86 259 348 0.179 1.00
6.05 +3.4 -3.8 -4.0 +0.070 +0.026 86 259 348 0.179 1.00
6.09 +3.6 -4.1 -4.0 +0.070 +0.027 86 259 348 0.179 1.00
6.12 +3.5 -4.4 -4.1 +0.070 +0.027 86 259 348 0.179 1.00
6.15 +3.2 -4.5 -3.9 +0.070 +0.027 86 259 348 0.179 1.00
6.18 +3.6 -4.4 -3.9 +0.070 +0.027 86 259 348 0.179 1.00
6.22 +3.4 -4.4 -3.8 +0.070 +0.028 86 259 348 0.179 1.00
6.25 +3.5 -3.9 -3.9 +0.070 +0.027 86 259 348 0.179 1.00
6.28 +3.6 -4.6 -4.0 +0.069 +0.027 86 259 348 0.179 1.00
6.32 +3.1 -5.5 -3.3 +0.069 +0.027 91 260 345 0.179 1.00
6.35 +3.4 -5.5 -3.4 +0.069 +0.027 91 260 345 0.183 1.00
6.39 +3.4 -4.9 -3.7 +0.070 +0.027 86 259 348 0.186 1.00
6.42 +3.4 -4.4 -3.9 +0.070 +0.027 86 259 348 0.183 1.00
6.45 +3.8 -4.2 -3.9 +0.071 +0.027 86 260 348 0.182 1.00
6.48 +3.5 -4.2 -4.1 +0.071 +0.027 86 259 348 0.181 1.00
6.52 +3.5 -4.1 -4.0 +0.070 +0.027 86 259 348 0.180 1.00
6.55 +3.4 -4.5 -3.9 +0.070 +0.027 86 259 348 0.180 1.00
6.58 +3.5 -4.1 -3.9 +0.070 +0.027 86 259 348 0.179 1.00
6.62 +3.3 -4.6 -3.9 +0.070 +0.027 86 259 348 0.179 1.00
6.65 +3.4 -4.0 -4.0 +0.069 +0.027 86 259 348 0.179 1.00
6.68 +3.1 -4.0 -4.0 +0.069 +0.027 86 259 348 0.179 1.00
6.72 +3.5 -4.5 -3.9 +0.069 +0.027 86 259 348 0.179 1.00
6.75 +3.4 -4.1 -3.9 +0.069 +0.027 86 259 348 0.179 1.00
6.78 +3.3 -4.2 -3.9 +0.068 +0.027 86 259 348 0.179 1.00
6.82 +3.5 -4.2 -4.1 +0.068 +0.027 86 259 348 0.179 1.00
6.85 +3.2 -4.8 -3.9 +0.068 +0.028 85 259 348 0.179 1.00
6.88 +3.1 -4.8 -3.9 +0.068 +0.028 86 259 348 0.179 1.00
6.92 +3.4 -4.7 -3.8 +0.068 +0.028 86 259 348 0.179 1.00
6.95 +3.2 -4.5 -3.8 +0.068 +0.028 86 259 348 0.179 1.00
6.98 +3.2 -4.6 -4.1 +0.068 +0.028 86 259 348 0.179 1.00
7.02 +3.3 -4.5 -3.9 +0.068 +0.027 86 259 348 0.179 1.00
7.05 +3.2 -4.6 -4.0 +0.068 +0.027 86 259 348 0.179 1.00
7.08 +3.3 -4.8 -4.0 +0.068 +0.027 86 259 348 0.179 1.00
7.12 +3.0 -5.6 -3.3 +0.068 +0.027 91 260 346 0.179 1.00
7.15 +3.1 -4.7 -4.0 +0.068 +0.027 85 259 348 0.179 1.00
7.18 +2.9 -5.8 -3.2 +0.069 +0.027 91 260 345 0.183 1.00
7.22 +3.1 -5.0 -3.2 +0.069 +0.026 91 260 346 0.185 1.00
7.25 +3.0 -4.7 -4.1 +0.069 +0.026 86 259 348 0.187 1.00
7.28 +3.3 -4.5 -4.0 +0.070 +0.026 87 259 348 0.184 1.00
7.32 +3.3 -4.5 -3.8 +0.069 +0.026 86 259 348 0.182 1.00
7.38 +3.0 -5.6 -3.0 +0.070 +0.026 90 260 346 0.182 1.00
7.40 +3.5 -4.9 -4.0 +0.070 +0.026 86 259 348 0.181 1.00
7.43 +3.3 -4.7 -3.7 +0.070 +0.026 86 259 348 0.180 1.00
7.45 +3.4 -4.3 -3.9 +0.070 +0.026 86 259 348 0.180 1.00
7.48 +3.5 -4.9 -3.8 +0.070 +0.026 86 259 348 0.179 1.00
7.52 +3.6 -4.4 -4.0 +0.070 +0.026 86 259 348 0.179 1.00
7.55 +3.7 -4.5 -4.0 +0.070 +0.026 86 260 348 0.179 1.00
7.60 +3.4 -4.7 -4.0 +0.070 +0.026 86 259 348 0.179 1.00
7.63 +3.5 -4.9 -4.0 +0.070 +0.026 86 259 348 0.179 1.00
7.66 +3.7 -4.8 -3.9 +0.070 +0.026 86 259 348 0.179 1.00
7.69 +3.5 -4.6 -3.8 +0.070 +0.026 86 259 348 0.179 1.00
7.72 +3.3 -5.1 -3.8 +0.070 +0.025 86 259 348 0.179 1.00
7.75 +3.6 -4.7 -4.0 +0.070 +0.025 86 259 348 0.179 1.00
7.79 +3.4 -5.6 -3.6 +0.070 +0.025 86 259 347 0.180 1.00
7.82 +3.8 -4.5 -3.9 +0.070 +0.025 87 259 348 0.180 1.00
7.85 +3.0 -5.4 -4.0 +0.070 +0.025 86 259 348 0.180 1.00
7.88 +3.3 -5.9 -3.2 +0.070 +0.025 91 260 345 0.180 1.00
7.92 +3.1 -4.4 -3.9 +0.070 +0.025 86 259 348 0.180 1.00
7.95 +3.4 -5.4 -3.1 +0.070 +0.025 91 260 346 0.183 1.00
7.98 +3.2 -4.6 -3.9 +0.070 +0.025 86 259 348 0.182 1.00
8.02 +3.5 -4.6 -4.1 +0.069 +0.025 86 259 348 0.181 1.00
