v2 t yaw pitch roll pos_x pos_y w cx cy size score
0.02 +2.2 -3.0 -4.6 +0.000 +0.000 86 258 349 0.180 1.00
0.05 +2.1 -2.7 -4.8 -0.000 -0.000 86 258 349 0.180 1.00
0.09 +2.4 -2.7 -4.8 -0.001 -0.001 86 258 349 0.180 1.00
0.12 +1.8 -3.3 -4.7 -0.001 -0.001 87 258 349 0.180 1.00
0.15 +2.1 -3.3 -4.6 -0.001 -0.001 86 258 349 0.180 1.00
0.19 +2.2 -3.0 -4.7 -0.000 -0.001 87 258 349 0.181 1.00
0.22 +2.0 -3.0 -4.7 -0.000 -0.001 86 258 349 0.180 1.00
0.25 +2.1 -2.8 -4.7 +0.000 -0.001 87 258 349 0.180 1.00
0.29 +2.4 -3.2 -4.8 +0.000 -0.001 86 259 349 0.180 1.00
0.32 +2.5 -3.1 -4.8 -0.000 -0.001 87 258 349 0.180 1.00
0.35 +1.7 -3.3 -4.8 -0.000 -0.001 86 258 349 0.180 1.00
0.39 +1.8 -3.3 -4.6 -0.001 -0.001 86 258 349 0.180 1.00
0.42 +2.1 -2.7 -4.8 -0.002 -0.002 86 258 349 0.180 1.00
0.45 +2.0 -3.5 -4.8 -0.002 -0.002 86 258 349 0.180 1.00
0.49 +1.5 -3.8 -4.9 -0.002 -0.002 86 258 349 0.179 1.00
0.52 +1.8 -3.4 -4.8 -0.003 -0.002 86 258 349 0.179 1.00
0.55 +2.0 -3.7 -4.8 -0.003 -0.003 86 258 349 0.179 1.00
0.58 +1.5 -3.9 -4.9 -0.003 -0.003 86 258 349 0.179 1.00
0.62 +2.0 -3.5 -4.8 -0.003 -0.003 87 258 349 0.179 1.00
0.65 +1.2 -4.3 -4.8 -0.003 -0.002 86 258 349 0.179 1.00
0.69 +1.8 -3.4 -4.9 -0.003 -0.002 86 258 349 0.179 1.00
0.72 +1.4 -3.7 -4.9 -0.003 -0.002 86 258 349 0.179 1.00
0.75 +1.7 -3.3 -4.9 -0.003 -0.002 86 258 349 0.179 1.00
0.79 +2.3 -3.1 -4.9 -0.003 -0.002 86 258 349 0.179 1.00
0.82 +1.8 -3.6 -5.0 -0.003 -0.002 86 259 349 0.179 1.00
0.85 +1.7 -3.6 -4.9 -0.003 -0.003 86 258 349 0.179 1.00
0.89 +1.4 -3.9 -4.9 -0.004 -0.004 86 258 349 0.179 1.00
0.92 +1.8 -4.1 -4.7 -0.004 -0.004 87 258 349 0.179 1.00
0.95 +1.9 -3.8 -5.1 -0.004 -0.004 86 258 349 0.179 1.00
0.99 +1.9 -4.4 -4.8 -0.003 -0.004 86 258 349 0.179 1.00
1.02 +1.7 -4.3 -4.9 -0.003 -0.004 86 258 349 0.179 1.00
1.05 +1.9 -4.3 -4.8 -0.003 -0.004 86 258 349 0.179 1.00
1.09 +1.7 -3.6 -4.9 -0.003 -0.004 86 258 349 0.179 1.00
1.12 +1.6 -3.9 -4.8 -0.003 -0.004 86 258 349 0.180 1.00
1.15 +1.4 -3.8 -5.0 -0.003 -0.004 86 258 349 0.180 1.00
1.19 +1.7 -4.2 -4.9 -0.002 -0.004 86 258 349 0.179 1.00
1.22 +1.5 -3.9 -4.7 -0.002 -0.005 86 258 349 0.179 1.00
1.25 +1.9 -4.2 -4.7 -0.002 -0.005 87 258 349 0.179 1.00
1.29 +2.0 -3.9 -4.8 -0.002 -0.005 87 258 349 0.180 1.00
1.32 +2.2 -4.7 -4.8 -0.002 -0.006 88 258 349 0.180 1.00
1.35 +2.3 -4.0 -4.7 -0.001 -0.006 88 258 350 0.181 1.00
1.39 +1.9 -4.0 -4.8 -0.001 -0.006 87 258 350 0.182 1.00
1.42 +1.6 -4.6 -4.6 -0.001 -0.006 87 257 350 0.181 1.00
1.45 +1.6 -4.2 -4.5 -0.000 -0.005 87 257 350 0.181 1.00
1.49 +1.7 -3.7 -4.8 -0.001 -0.005 87 257 350 0.181 1.00
1.52 +2.0 -3.8 -4.8 -0.002 -0.004 87 258 350 0.181 1.00
1.55 +1.6 -3.0 -4.5 -0.003 -0.006 87 258 350 0.181 1.00
1.58 +1.7 -3.9 -4.7 -0.004 -0.008 87 257 350 0.181 1.00
1.62 +1.4 -3.7 -4.8 -0.005 -0.009 87 257 350 0.181 1.00
1.65 +1.2 -3.4 -4.6 -0.005 -0.009 87 257 350 0.181 1.00
1.69 +1.0 -4.2 -4.9 -0.005 -0.009 87 257 350 0.181 1.00
1.72 +0.8 -4.4 -4.9 -0.005 -0.008 87 257 350 0.181 1.00
1.75 +0.9 -3.4 -4.9 -0.006 -0.007 87 257 350 0.181 1.00
1.78 +0.6 -3.7 -5.0 -0.006 -0.006 87 257 350 0.181 1.00
1.82 +0.8 -4.2 -4.8 -0.006 -0.005 86 257 350 0.181 1.00
1.85 +0.1 -3.5 -4.6 -0.006 -0.002 88 256 350 0.181 1.00
1.89 +0.5 -3.5 -4.8 -0.006 -0.003 87 256 350 0.181 1.00
1.92 +0.5 -4.0 -4.8 -0.006 -0.003 87 257 350 0.181 1.00
1.95 +0.2 -4.1 -4.7 -0.007 -0.004 87 257 350 0.181 1.00
1.98 +0.3 -4.3 -4.9 -0.007 -0.004 87 257 350 0.181 1.00
2.02 +0.4 -4.0 -4.9 -0.008 -0.004 87 257 350 0.181 1.00
2.06 +0.8 -3.7 -4.8 -0.008 -0.004 87 257 350 0.181 1.00
2.09 +0.4 -3.8 -4.8 -0.009 -0.004 87 257 350 0.181 1.00
2.13 +0.2 -3.7 -4.8 -0.009 -0.003 87 256 350 0.181 1.00
2.15 +0.4 -4.3 -4.9 -0.009 -0.001 87 256 350 0.181 1.00
2.19 +0.3 -3.9 -4.7 -0.009 +0.000 87 256 350 0.181 1.00
2.22 -0.0 -2.9 -4.7 -0.009 +0.002 87 256 350 0.181 1.00
2.25 +0.5 -3.1 -4.5 -0.009 +0.001 87 256 350 0.182 1.00
2.29 +0.2 -3.7 -4.9 -0.009 +0.000 87 256 350 0.182 1.00
2.32 +0.6 -3.4 -5.0 -0.009 +0.000 87 257 350 0.181 1.00
2.35 +0.7 -4.2 -5.0 -0.008 +0.000 87 257 350 0.181 1.00
2.38 +1.0 -4.0 -5.0 -0.008 +0.000 87 257 350 0.181 1.00
2.42 +0.7 -3.7 -4.8 -0.008 -0.000 87 257 350 0.181 1.00
2.45 +1.0 -3.1 -5.1 -0.008 -0.001 86 257 350 0.181 1.00
2.48 +0.9 -3.5 -4.9 -0.008 -0.000 87 257 350 0.181 1.00
2.52 +0.8 -3.6 -5.0 -0.007 -0.001 86 257 350 0.180 1.00
2.55 +1.0 -3.4 -4.9 -0.007 -0.001 86 257 350 0.180 1.00
2.59 +0.7 -3.5 -5.1 -0.007 -0.001 87 257 350 0.180 1.00
2.62 +0.8 -3.7 -5.0 -0.006 -0.001 87 257 350 0.180 1.00
2.65 +1.5 -2.5 -4.9 -0.007 -0.002 89 258 351 0.180 1.00
2.69 +0.6 -3.6 -5.0 -0.006 -0.002 87 257 350 0.181 1.00
2.72 +0.7 -3.7 -4.8 -0.006 -0.002 87 257 350 0.181 1.00
2.75 +0.6 -4.2 -4.9 -0.007 -0.002 86 257 350 0.181 1.00
2.79 +1.3 -4.1 -5.0 -0.006 -0.001 87 257 350 0.181 1.00
2.82 +0.3 -4.5 -4.9 -0.006 -0.000 86 257 350 0.180 1.00
2.85 +1.5 -2.8 -5.1 -0.006 +0.000 90 258 351 0.181 1.00
2.88 +1.3 -2.6 -5.0 -0.006 +0.001 89 258 351 0.182 1.00
2.92 +0.3 -4.6 -5.0 -0.006 +0.000 86 257 350 0.183 1.00
2.95 +0.7 -4.2 -5.2 -0.006 +0.000 86 257 350 0.182 1.00
2.98 +1.0 -4.8 -4.9 -0.006 -0.000 86 257 350 0.181 1.00
3.02 +1.1 -4.6 -5.0 -0.006 -0.001 86 257 350 0.181 1.00
3.05 +1.3 -4.3 -5.0 -0.006 -0.001 86 257 350 0.180 1.00
3.09 +1.3 -4.6 -4.7 -0.006 -0.002 86 258 350 0.180 1.00
3.12 +1.0 -4.4 -5.0 -0.006 -0.002 86 257 350 0.180 1.00
3.15 +1.5 -4.8 -4.8 -0.005 -0.003 87 257 350 0.180 1.00
3.18 +1.5 -4.7 -4.8 -0.006 -0.004 87 257 350 0.180 1.00
3.22 +1.2 -4.3 -4.8 -0.005 -0.004 86 257 350 0.180 1.00
3.25 +0.8 -4.0 -4.9 -0.004 -0.004 86 257 350 0.180 1.00
3.28 +0.8 -4.0 -4.7 -0.003 -0.004 87 257 349 0.180 1.00
3.32 +1.1 -3.5 -4.6 -0.002 -0.004 87 257 350 0.180 1.00
3.35 +0.8 -4.2 -4.4 -0.001 -0.003 87 257 350 0.181 1.00
3.39 +0.9 -3.2 -4.4 -0.001 -0.003 87 257 350 0.181 1.00
3.42 +0.8 -4.1 -4.3 -0.001 -0.003 88 257 350 0.181 1.00
3.45 +1.3 -3.8 -4.6 -0.001 -0.004 87 257 350 0.182 1.00
3.48 +1.7 -3.3 -4.3 -0.001 -0.005 88 258 350 0.182 1.00
3.52 +2.0 -3.4 -4.4 -0.002 -0.005 88 258 350 0.182 1.00
3.55 +1.8 -4.1 -4.4 -0.002 -0.005 88 258 350 0.182 1.00
3.58 +1.6 -4.2 -4.4 -0.003 -0.003 88 257 350 0.182 1.00
3.62 +1.6 -2.9 -4.5 -0.003 -0.001 88 257 350 0.182 1.00
3.65 +1.4 -3.0 -4.8 -0.003 +0.001 87 257 351 0.182 1.00
3.68 +1.5 -2.8 -4.9 -0.003 +0.003 87 257 351 0.182 1.00
3.72 +1.6 -2.9 -4.6 -0.003 +0.002 88 257 351 0.182 1.00
3.75 +1.6 -3.8 -4.2 -0.002 +0.001 87 257 350 0.182 1.00
3.78 +1.8 -3.8 -4.1 -0.002 -0.001 87 257 350 0.182 1.00
3.82 +1.8 -3.0 -4.4 -0.001 -0.002 87 258 349 0.182 1.00
3.85 +2.3 -2.7 -4.1 -0.000 -0.001 86 257 349 0.182 1.00
3.88 +2.5 -1.8 -4.2 +0.000 +0.000 86 257 350 0.181 1.00
3.92 +2.6 -2.0 -4.2 +0.001 +0.002 86 257 350 0.181 1.00
3.95 +2.5 -2.3 -4.5 +0.001 +0.004 86 257 351 0.180 1.00
3.98 +3.0 -1.5 -4.5 +0.001 +0.004 87 257 351 0.180 1.00
4.02 +2.7 -1.5 -4.5 +0.001 +0.004 86 257 351 0.180 1.00
4.05 +2.9 -1.5 -4.2 +0.002 +0.004 87 257 351 0.180 1.00
4.08 +3.1 -2.7 -4.2 +0.002 +0.003 86 257 350 0.180 1.00
4.12 +3.5 -3.0 -4.1 +0.002 +0.002 86 257 350 0.180 1.00
4.15 +2.9 -3.0 -4.0 +0.003 -0.000 87 257 350 0.180 1.00
4.19 +2.8 -3.2 -4.0 +0.003 -0.002 86 258 350 0.180 1.00
4.22 +2.6 -3.1 -4.0 +0.002 -0.002 87 258 350 0.180 1.00
4.25 +2.4 -2.6 -4.3 +0.002 -0.000 87 257 350 0.180 1.00
4.28 +2.6 -1.8 -4.3 +0.002 +0.002 86 257 351 0.180 1.00
4.32 +2.4 -2.0 -4.5 +0.001 +0.003 86 257 351 0.180 1.00
4.35 +3.1 -1.9 -4.4 +0.001 +0.002 87 257 351 0.180 1.00
4.39 +3.1 -2.6 -4.4 +0.000 +0.001 87 257 351 0.180 1.00
4.42 +2.5 -2.2 -4.3 +0.000 -0.001 87 257 350 0.180 1.00
4.45 +2.2 -2.5 -4.2 +0.000 -0.004 87 257 350 0.180 1.00
4.48 +1.9 -2.4 -3.9 +0.001 -0.005 86 257 350 0.180 1.00
4.52 +2.1 -1.4 -4.1 +0.001 -0.004 86 257 350 0.180 1.00
4.55 +2.2 -1.9 -4.2 +0.001 -0.002 86 257 350 0.180 1.00
4.58 +2.2 -1.7 -4.2 +0.001 -0.000 87 257 350 0.180 1.00
4.62 +1.8 -2.9 -4.1 +0.001 -0.002 87 257 350 0.180 1.00
4.65 +1.9 -3.4 -4.1 +0.000 -0.005 86 258 349 0.181 1.00
4.68 +2.4 -3.0 -3.9 -0.001 -0.007 87 258 349 0.181 1.00
4.72 +2.1 -2.8 -4.1 -0.001 -0.006 87 258 349 0.181 1.00
4.75 +1.8 -3.6 -4.2 -0.001 -0.004 87 257 350 0.181 1.00
4.78 +1.8 -3.0 -4.3 -0.001 -0.002 86 257 350 0.181 1.00
4.82 +2.3 -3.0 -4.3 -0.001 -0.001 87 257 350 0.181 1.00
4.85 +1.8 -3.2 -4.4 -0.000 -0.001 87 257 350 0.181 1.00
4.88 +2.1 -2.7 -4.2 -0.000 -0.000 87 257 350 0.181 1.00
4.92 +1.9 -3.1 -4.0 -0.000 -0.001 87 257 350 0.181 1.00
4.95 +1.5 -2.2 -4.1 -0.000 -0.002 86 257 350 0.181 1.00
4.98 +1.7 -2.6 -4.2 +0.000 -0.003 86 257 349 0.180 1.00
5.02 +2.0 -3.1 -4.1 +0.001 -0.004 86 257 350 0.180 1.00
5.05 +2.0 -4.0 -4.2 +0.001 -0.004 87 257 350 0.180 1.00
5.09 +2.4 -3.9 -4.4 +0.001 -0.004 87 257 350 0.180 1.00
5.12 +2.6 -4.5 -4.3 +0.002 -0.003 87 257 350 0.181 1.00
5.15 +2.6 -4.2 -4.1 +0.003 -0.003 87 258 350 0.181 1.00
5.18 +2.6 -4.1 -4.2 +0.003 -0.003 87 258 350 0.181 1.00
5.22 +2.4 -4.5 -4.4 +0.003 -0.002 86 258 350 0.180 1.00
5.25 +2.8 -4.5 -4.2 +0.003 -0.002 87 258 350 0.180 1.00
5.28 +2.2 -4.7 -4.3 +0.004 -0.002 87 258 351 0.180 1.00
5.32 +2.2 -4.6 -4.2 +0.004 -0.002 87 258 350 0.180 1.00
5.35 +2.4 -4.5 -4.1 +0.004 -0.002 86 258 350 0.180 1.00
5.39 +2.2 -4.4 -4.2 +0.004 -0.003 86 258 350 0.180 1.00
5.42 +2.2 -5.0 -4.2 +0.002 -0.003 87 258 350 0.180 1.00
5.45 +2.1 -4.9 -4.2 +0.002 -0.005 87 258 350 0.180 1.00
5.48 +2.1 -4.7 -3.9 +0.002 -0.006 87 258 350 0.180 1.00
5.52 +2.5 -4.5 -4.1 +0.002 -0.006 86 258 349 0.180 1.00
5.55 +2.6 -4.1 -4.1 +0.002 -0.005 87 258 349 0.180 1.00
5.58 +2.4 -4.4 -4.2 +0.002 -0.004 86 258 349 0.180 1.00
5.62 +2.1 -3.5 -4.1 +0.002 -0.003 86 258 349 0.180 1.00
5.65 +2.1 -4.5 -4.2 +0.001 -0.003 87 258 350 0.180 1.00
5.68 +2.4 -4.3 -4.3 +0.001 -0.003 87 258 350 0.180 1.00
5.72 +2.4 -3.9 -4.0 +0.000 -0.003 87 258 350 0.180 1.00
5.75 +1.9 -3.8 -4.4 -0.000 -0.002 86 258 350 0.180 1.00
5.78 +2.5 -4.1 -4.2 -0.001 -0.002 86 258 350 0.180 1.00
5.82 +2.1 -4.4 -4.3 -0.002 -0.001 86 258 350 0.180 1.00
5.85 +2.2 -3.9 -4.2 -0.002 -0.000 86 258 350 0.180 1.00
5.88 +1.6 -4.2 -4.3 -0.002 +0.001 86 258 350 0.179 1.00
5.92 +1.7 -3.6 -4.3 -0.002 +0.001 86 258 350 0.179 1.00
5.95 +1.7 -3.6 -4.2 -0.002 +0.003 86 258 350 0.179 1.00
5.99 +1.3 -3.6 -4.3 -0.002 +0.004 86 257 351 0.179 1.00
6.02 +2.0 -3.6 -4.2 -0.002 +0.005 86 258 351 0.179 1.00
6.05 +1.4 -2.9 -4.1 -0.002 +0.007 86 257 351 0.179 1.00
6.09 +2.2 -1.5 -4.0 -0.003 +0.007 86 257 350 0.179 1.00
6.12 +2.8 -1.1 -3.8 -0.004 +0.007 85 258 350 0.179 1.00
6.15 +2.8 -0.5 -4.0 -0.005 +0.004 85 258 350 0.179 1.00
6.18 +2.7 -0.9 -3.9 -0.006 +0.002 86 258 349 0.178 1.00
6.22 +2.4 -1.1 -4.1 -0.007 +0.001 86 257 349 0.179 1.00
6.26 +2.1 -1.5 -4.0 -0.006 +0.000 86 258 350 0.179 1.00
6.29 +2.2 -2.1 -4.1 -0.005 +0.001 86 258 350 0.179 1.00
6.32 +2.2 -1.9 -4.1 -0.004 +0.001 86 258 350 0.179 1.00
6.35 +1.9 -3.0 -4.3 -0.003 +0.002 86 258 350 0.179 1.00
6.39 +1.7 -3.1 -4.1 -0.003 +0.003 86 257 351 0.179 1.00
6.42 +1.7 -2.9 -4.3 -0.002 +0.003 86 257 351 0.179 1.00
6.45 +2.2 -2.5 -4.1 -0.002 +0.003 87 257 351 0.179 1.00
6.48 +1.5 -2.8 -4.1 -0.002 +0.004 86 257 351 0.179 1.00
6.52 +1.5 -2.9 -4.0 -0.002 +0.004 86 257 350 0.179 1.00
6.55 +1.7 -2.8 -4.1 -0.002 +0.003 86 257 350 0.179 1.00
6.58 +1.5 -2.6 -4.3 -0.002 +0.002 86 257 350 0.179 1.00
6.62 +1.7 -2.6 -4.1 -0.002 +0.002 85 257 350 0.179 1.00
6.65 +1.6 -2.6 -3.9 -0.003 +0.002 87 257 350 0.179 1.00
6.68 +1.7 -2.7 -4.1 -0.003 +0.002 86 257 350 0.179 1.00
6.72 +2.0 -2.5 -4.1 -0.004 +0.002 89 259 351 0.180 1.00
6.75 +1.0 -3.0 -4.3 -0.005 +0.003 86 257 350 0.180 1.00
6.78 +1.5 -3.0 -4.7 -0.006 +0.005 86 257 351 0.179 1.00
6.82 +1.1 -2.6 -4.4 -0.007 +0.006 86 256 351 0.179 1.00
6.85 +1.5 -1.9 -4.4 -0.008 +0.008 87 256 352 0.179 1.00
6.88 +1.5 -1.7 -4.5 -0.009 +0.009 86 256 352 0.180 1.00
6.92 +2.1 -1.4 -4.6 -0.009 +0.009 86 255 352 0.180 1.00
6.95 +2.0 -1.6 -4.5 -0.009 +0.009 87 256 352 0.180 1.00
6.98 +1.9 -1.4 -4.5 -0.008 +0.008 87 255 352 0.180 1.00
7.02 +1.5 -2.4 -4.5 -0.008 +0.007 86 256 351 0.180 1.00
7.05 +1.4 -2.3 -4.4 -0.007 +0.006 87 256 351 0.180 1.00
7.09 +1.3 -2.5 -4.3 -0.006 +0.006 86 257 352 0.180 1.00
7.12 +1.1 -2.7 -4.2 -0.005 +0.005 86 257 352 0.180 1.00
7.15 +1.2 -3.1 -4.2 -0.004 +0.004 86 257 351 0.179 1.00
7.18 +1.7 -3.9 -4.1 -0.003 +0.003 86 257 351 0.179 1.00
7.22 +1.9 -3.8 -3.9 -0.002 +0.003 86 257 351 0.179 1.00
7.25 +1.8 -3.6 -3.9 -0.002 +0.003 86 257 351 0.179 1.00
7.28 +1.7 -3.8 -3.8 -0.002 +0.002 86 257 351 0.179 1.00
7.32 +1.6 -4.5 -3.9 -0.003 +0.001 86 257 351 0.179 1.00
7.35 +1.7 -3.8 -4.2 -0.004 +0.001 86 257 351 0.179 1.00
7.39 +1.3 -4.1 -4.1 -0.005 +0.001 86 257 351 0.179 1.00
7.42 +1.2 -2.3 -4.0 -0.005 +0.002 86 257 351 0.179 1.00
7.45 +0.9 -1.5 -4.3 -0.006 +0.003 87 257 352 0.179 1.00
7.48 +0.6 -1.6 -4.4 -0.007 +0.004 86 257 352 0.179 1.00
7.52 +0.9 -1.2 -4.6 -0.007 +0.004 86 256 352 0.179 1.00
7.55 +1.0 -0.6 -4.6 -0.007 +0.004 87 256 352 0.179 1.00
7.58 +0.5 -1.6 -4.5 -0.007 +0.003 86 256 351 0.180 1.00
7.62 +0.3 -2.7 -4.4 -0.006 +0.001 87 257 351 0.180 1.00
7.65 +1.3 -1.8 -4.4 -0.006 -0.001 86 257 350 0.180 1.00
7.68 +1.2 -1.7 -4.4 -0.006 +0.000 87 257 350 0.180 1.00
7.72 +1.3 -1.8 -4.1 -0.005 +0.002 86 256 350 0.180 1.00
7.75 +1.2 -2.3 -4.2 -0.005 +0.003 86 257 351 0.180 1.00
7.78 +0.8 -1.5 -4.3 -0.005 +0.002 86 257 351 0.180 1.00
7.82 +1.4 -2.6 -4.1 -0.004 +0.001 86 257 351 0.180 1.00
7.85 +1.5 -3.2 -3.9 -0.003 -0.001 87 258 351 0.180 1.00
7.88 +1.6 -2.9 -3.9 -0.001 -0.004 87 257 350 0.180 1.00
7.92 +1.8 -3.1 -3.8 -0.000 -0.008 87 258 350 0.180 1.00
7.95 +2.2 -3.0 -3.6 +0.001 -0.011 88 258 350 0.181 1.00
7.98 +2.5 -3.1 -3.8 +0.001 -0.010 87 258 350 0.181 1.00
8.02 +2.1 -3.1 -4.0 +0.001 -0.008 87 258 350 0.181 1.00
